#unpaired probabilities
#i$	l=1	2	3	4	5	6	7	8	9	10	
1	0.9931582	NA	NA	NA	NA	NA	NA	NA	NA	NA	
2	0.9937015	0.987147	NA	NA	NA	NA	NA	NA	NA	NA	
3	0.9984086	0.9928665	0.9857394	NA	NA	NA	NA	NA	NA	NA	
4	0.9995355	0.9981306	0.9925516	0.9851823	NA	NA	NA	NA	NA	NA	
5	0.1955186	0.1983676	0.2040907	0.214136	0.2511579	NA	NA	NA	NA	NA	
6	0.1807444	0.07547738	0.07815691	0.08382034	0.09362053	0.1293952	NA	NA	NA	NA	
7	0.2887756	0.1521394	0.06142832	0.06258005	0.06519189	0.06913505	0.08642797	NA	NA	NA	
8	0.3723593	0.2589295	0.1377345	0.05954676	0.06049849	0.06262468	0.06794601	0.08432559	NA	NA	
9	0.9922324	0.3721733	0.2588368	0.1376319	0.05946757	0.06044635	0.06261639	0.06793625	0.08432083	NA	
10	0.1871567	0.1905704	0.04953271	0.03365465	0.02310127	0.0138223	0.01481831	0.01660173	0.0201407	0.03103003	
11	0.1207147	0.1209856	0.1309837	0.01041573	0.005112316	0.005555618	0.006076344	0.007034367	0.008627512	0.01177266	
12	0.4369347	0.1197564	0.1205901	0.1306195	0.01009795	0.004858234	0.005356001	0.00592704	0.006870922	0.008439526	
13	0.3968015	0.4014468	0.1142108	0.1149808	0.127707	0.007218926	0.001726721	0.001794638	0.001907895	0.00219202	
14	0.3757326	0.3627448	0.3882216	0.1082088	0.1086448	0.1206987	0.001294793	0.0008410971	0.0007911399	0.0007746943	
15	0.3189956	0.1158005	0.09584607	0.1008951	0.1077481	0.1085167	0.1205587	0.001187828	0.0007568813	0.0007334871	
16	0.3816123	0.3083899	0.1115578	0.09138205	0.09607136	0.1024963	0.1085137	0.1205554	0.001186563	0.0007555536	
17	0.896884	0.2777389	0.2113769	0.1051839	0.08590953	0.09046163	0.09787311	0.1076472	0.1196046	0.0007839777	
18	0.1134519	0.09460739	0.06771864	0.04310323	0.004493618	0.002193152	0.0005972982	0.000340545	0.0003705057	0.0004104258	
19	0.05920857	0.02283935	0.01889368	0.01373386	0.008406322	0.0006657243	0.000265451	0.0001849253	9.891919e-05	0.0001073687	
20	0.2184982	0.02523067	0.01383429	0.01106291	0.007644787	0.003935535	0.0004715146	0.0002052359	0.0001526569	9.105924e-05	
21	0.3747408	0.2165341	0.02489096	0.01365851	0.01091706	0.00755005	0.003899506	0.0004642896	0.0002011968	0.0001490477	
22	0.7677424	0.2950066	0.1711811	0.02279407	0.01212198	0.009544277	0.006707149	0.003682924	0.000375635	0.0001396233	
23	0.5073604	0.470872	0.1509704	0.07629957	0.01009386	0.005861169	0.004482612	0.003006414	0.001446908	0.0002017504	
24	0.6251899	0.5003427	0.4644462	0.147425	0.07476782	0.009798982	0.005677616	0.004341418	0.002906918	0.001403498	
25	0.5433793	0.5118873	0.4790143	0.4460285	0.137378	0.06870786	0.008468255	0.004967263	0.003802325	0.002548493	
26	0.6883181	0.5365325	0.5101193	0.4772819	0.4442417	0.1356132	0.06742257	0.00820009	0.004957087	0.003793217	
27	0.9669242	0.667736	0.5295292	0.5050798	0.4739569	0.4416607	0.1337715	0.06644609	0.007912576	0.004819911	
28	0.7047833	0.6853319	0.382508	0.2337264	0.1975436	0.1559653	0.1448768	0.1326835	0.06564361	0.007805488	
29	0.6298915	0.5773445	0.5538122	0.2463779	0.1918116	0.1539771	0.1212605	0.1086335	0.09486085	0.06551815	
30	0.7116858	0.433392	0.3767864	0.348036	0.2335506	0.1794638	0.1524236	0.1202858	0.1079193	0.09452246	
31	0.5077241	0.3914611	0.3565598	0.3267191	0.3002597	0.1862612	0.1320515	0.1031527	0.06940359	0.05477547	
32	0.476197	0.3319672	0.292272	0.2555631	0.2246061	0.1956348	0.1630477	0.128333	0.09930366	0.0687457	
33	0.7934947	0.4361074	0.3004026	0.2634454	0.2286893	0.2035776	0.1766748	0.1468644	0.1154282	0.08966165	
34	0.5004078	0.4661963	0.3570571	0.2883336	0.2521754	0.221135	0.1968782	0.1711499	0.1420558	0.1111184	
35	0.6461181	0.4787427	0.4482451	0.3474485	0.285303	0.2498899	0.2191135	0.1948918	0.1691651	0.1401298	
36	0.6756643	0.5175719	0.4586476	0.4378226	0.3391815	0.2778406	0.2427593	0.2121247	0.1880112	0.1625965	
37	0.8288762	0.657626	0.5000492	0.4484925	0.4282896	0.3308549	0.2712335	0.2366683	0.2064938	0.1828356	
38	0.6813808	0.6197259	0.5002714	0.4252409	0.3934468	0.3747389	0.3071084	0.2536737	0.2212854	0.1926098	
39	0.7061443	0.6554369	0.601768	0.4972325	0.4241361	0.3926853	0.3740595	0.3065662	0.253244	0.2209331	
40	0.03425187	0.03461574	0.02668447	0.01445295	0.007714309	0.006383331	0.005752379	0.005444709	0.004166599	0.003499658	
41	0.03378547	0.0224426	0.02284898	0.01943965	0.009245829	0.003310782	0.002711373	0.002277211	0.002017063	0.001578873	
42	0.8143989	0.03263964	0.0217318	0.02214881	0.01875055	0.008576381	0.002987973	0.002481675	0.002221279	0.001982098	
43	0.782821	0.6864766	0.02151871	0.01466977	0.0149487	0.01302804	0.006684414	0.002133056	0.001784616	0.001551739	
44	0.1689418	0.09728449	0.01767237	0.005271681	0.005236532	0.005368109	0.00334135	0.003333872	0.0005418507	0.0004463527	
45	0.103386	0.08048995	0.07246333	0.01140882	0.003465281	0.00346468	0.003551481	0.001483039	0.001478428	0.000438278	
46	0.1628535	0.06517537	0.05091842	0.04682272	0.007842101	0.001575314	0.001545323	0.001583281	0.001340523	0.001343143	
47	0.5422733	0.1622127	0.06467453	0.05057324	0.04667645	0.007814114	0.001570831	0.001541166	0.001579047	0.001336229	
48	0.4781911	0.1348004	0.1234966	0.02734073	0.01911957	0.01755479	0.003191763	0.0006024345	0.0005925273	0.000606491	
49	0.1053307	0.1061671	0.1057482	0.1063868	0.01045174	0.002599626	0.002435022	0.001075466	0.0004034051	0.0004012737	
50	0.1157843	0.1032092	0.1048385	0.1051301	0.1059933	0.01015374	0.002323336	0.002179296	0.0009910273	0.0003510201	
51	0.1207858	0.1046609	0.09821299	0.09994172	0.1011744	0.1025047	0.006628436	0.001310086	0.0012638	0.000279869	
52	0.1390171	0.01780083	0.01099592	0.00706661	0.007071821	0.006762211	0.00609849	0.006038437	0.0007121667	0.000659843	
53	0.01161172	0.006432265	0.003585864	0.002669311	0.001758362	0.001768665	0.001391507	0.0006424049	0.0004663206	0.0004199621	
54	0.1178913	0.009911387	0.005794442	0.003346112	0.00256433	0.001718743	0.001730883	0.001358059	0.0006102892	0.0004338132	
55	0.8526779	0.1153463	0.009791171	0.005697306	0.003333025	0.002560013	0.001716972	0.00172918	0.001357247	0.000609667	
56	0.9078163	0.7615303	0.02679686	0.007118433	0.004836183	0.002628792	0.00184496	0.001434032	0.00144041	0.001062567	
57	0.9055146	0.9027684	0.7577878	0.02597268	0.006542499	0.004282833	0.002078574	0.001289515	0.0008701112	0.000868792	
58	0.06045956	0.05316832	0.04969088	0.03381159	0.005824153	0.001315992	0.0007743361	0.0004547721	0.0002713995	0.0001726072	
59	0.008170299	0.006395068	0.005873322	0.005626784	0.003657955	0.0008903241	8.138816e-05	4.576193e-05	2.550291e-05	1.285272e-05	
60	0.1817347	0.005471441	0.003792194	0.003320164	0.003047141	0.001101676	0.0005457765	7.217596e-05	3.870771e-05	2.289972e-05	
61	0.08336654	0.06030874	0.004865006	0.003459524	0.003035039	0.002762695	0.001064572	0.00052708	7.105932e-05	3.818577e-05	
62	0.1524154	0.07768347	0.0567534	0.004772526	0.003391963	0.002975612	0.002703884	0.00105669	0.0005243007	6.975051e-05	
63	0.9947432	0.1510169	0.07677904	0.0562491	0.004650796	0.003282734	0.002867823	0.002597577	0.0009595642	0.0004357294	
64	0.8791946	0.8752671	0.1241285	0.05482041	0.03630494	0.003823654	0.002719182	0.002369716	0.002130668	0.0008512168	
65	0.846602	0.8436522	0.8421356	0.1081965	0.04134617	0.02446711	0.003097753	0.002173734	0.001859492	0.001640217	
66	0.8412535	0.8196982	0.8205963	0.8220094	0.09502117	0.0312092	0.01776892	0.002390076	0.00167958	0.001417927	
67	0.9734005	0.8409627	0.8194442	0.8203774	0.8218103	0.09487586	0.03112043	0.01770195	0.002363204	0.001672454	
68	0.939243	0.9159591	0.827948	0.8114355	0.8135006	0.8161853	0.09079392	0.02806921	0.01566009	0.002122187	
69	0.8797557	0.845726	0.8289371	0.7912917	0.7925998	0.7968429	0.8012989	0.08062358	0.01987274	0.009169915	
70	0.2681979	0.2233047	0.1803635	0.1548918	0.1082363	0.09938673	0.09329327	0.0866692	0.08028573	0.01961315	
71	0.2169285	0.202175	0.1668563	0.1239679	0.1022183	0.05588012	0.04652623	0.03984812	0.03257055	0.02551543	
72	0.09009656	0.0803677	0.07202936	0.05233795	0.04650203	0.03607062	0.02810736	0.02362209	0.01975322	0.01567374	
73	0.1976824	0.08441115	0.07486285	0.06705515	0.04754112	0.04205328	0.03314788	0.02717894	0.02293212	0.01914824	
74	0.2991389	0.1728652	0.08379711	0.07431665	0.06655226	0.04721839	0.04175616	0.0329655	0.02704118	0.02282239	
75	0.337378	0.2143093	0.1631235	0.07856054	0.06960171	0.06230785	0.04343853	0.03844177	0.03078131	0.02542243	
76	0.3901563	0.314827	0.2014784	0.1541798	0.07226645	0.064209	0.05789508	0.03934975	0.03469144	0.02811712	
77	0.4385742	0.3874598	0.3130875	0.2009406	0.1540998	0.07185305	0.06385025	0.05767181	0.03898071	0.0343438	
78	0.4540678	0.4230483	0.385151	0.3110826	0.2024655	0.1555814	0.07230425	0.06438517	0.05819708	0.03925666	
79	0.4456921	0.4302566	0.4015556	0.376791	0.302952	0.2007889	0.1548717	0.07084397	0.06309194	0.05701063	
80	0.4630172	0.4304028	0.416093	0.3873198	0.3747916	0.3008773	0.1989377	0.1527427	0.07145666	0.06362896	
81	0.4746497	0.4339925	0.4015763	0.3876759	0.3592237	0.3482604	0.2734911	0.1959703	0.151047	0.06993636	
82	0.4645145	0.4104823	0.3742011	0.3418031	0.3274648	0.2978609	0.2860193	0.2092896	0.1302317	0.0838586	
83	0.3634053	0.3455628	0.3117718	0.2838039	0.2651	0.2542248	0.2469254	0.237854	0.162719	0.1020303	
84	0.1836864	0.1432163	0.1289214	0.1134691	0.09478461	0.09099349	0.08692645	0.08259063	0.07854406	0.07472085	
85	0.5273407	0.134083	0.1272075	0.1158243	0.1046536	0.08661031	0.08299337	0.07911806	0.0749881	0.07090614	
86	0.8017759	0.4573382	0.1346676	0.1286731	0.1171951	0.1059383	0.08766722	0.08402334	0.08011601	0.07595108	
87	0.6481125	0.5382201	0.192345	0.1360174	0.1303522	0.118762	0.1073825	0.08886872	0.08519163	0.08124541	
88	0.6315399	0.6071375	0.4972572	0.1926024	0.137774	0.1321195	0.1203952	0.108883	0.09012325	0.08641694	
89	0.4924421	0.2485444	0.2329027	0.1839409	0.09703383	0.06665162	0.06290323	0.06205184	0.05480158	0.04917255	
90	0.532031	0.4510165	0.2269306	0.2119879	0.1647658	0.09668059	0.06645196	0.06299506	0.06215335	0.05490113	
91	0.7291482	0.5086051	0.4348634	0.2269678	0.2124716	0.1660088	0.0976298	0.06719416	0.06379615	0.06296321	
92	0.9838516	0.7158109	0.4943775	0.4228789	0.2246851	0.2105292	0.1666106	0.09844104	0.06787599	0.06453404	
93	0.8997891	0.8913116	0.6553426	0.4706711	0.4067667	0.221659	0.2081638	0.1647896	0.09908572	0.06855854	
94	0.8977366	0.8849966	0.8765471	0.6406291	0.4575975	0.3948313	0.2221099	0.20893	0.1651597	0.1003144	
95	0.9097412	0.847867	0.8344954	0.8254412	0.5872392	0.4408315	0.3798778	0.2173589	0.2044116	0.161972	
96	0.8738253	0.8328703	0.8137303	0.8015766	0.7928738	0.5566246	0.4083953	0.3653676	0.212912	0.200523	
97	0.9064969	0.8568282	0.8163921	0.7975402	0.7913475	0.7840177	0.5483209	0.3996855	0.3572274	0.2127664	
98	0.9824857	0.9019347	0.8526869	0.8130719	0.7954558	0.7892285	0.7818788	0.5440892	0.3939102	0.3517974	
99	0.7842164	0.7700255	0.6917242	0.6401153	0.5982444	0.5777828	0.5687585	0.5606627	0.5393395	0.3875877	
100	0.7059279	0.6954388	0.6802586	0.6690033	0.6200946	0.5778485	0.5587559	0.549502	0.5413848	0.5217577	
101	0.700518	0.6904353	0.6800793	0.6648965	0.6538474	0.6114175	0.5688432	0.5496301	0.5401616	0.5318839	
102	0.8574352	0.6899475	0.6801784	0.6701249	0.6559415	0.6447136	0.6054962	0.5625121	0.5430732	0.5334007	
103	0.8604794	0.8448251	0.6845636	0.6749127	0.6651663	0.6508809	0.6398339	0.6010468	0.5576979	0.5380822	
104	0.9147568	0.8522837	0.8367459	0.6788185	0.6691921	0.6596637	0.6452801	0.634554	0.5962628	0.5526506	
105	0.9128235	0.9027294	0.8398456	0.8241389	0.6684633	0.658796	0.6497601	0.6351734	0.6246985	0.5867659	
106	0.9160021	0.9036673	0.8936978	0.8301169	0.8142634	0.6604749	0.6506647	0.6425135	0.6277001	0.6180059	
107	0.8414799	0.8273827	0.8146265	0.8037162	0.7382809	0.7210082	0.5682726	0.5571927	0.5480605	0.5316811	
108	0.8376978	0.8272098	0.8131986	0.8001978	0.7890275	0.7227634	0.7052004	0.5597344	0.5484439	0.5391235	
109	0.9119208	0.8076312	0.7971375	0.7831596	0.7753884	0.7643388	0.6982306	0.6803516	0.5387209	0.5270291	
110	0.9341633	0.8815088	0.7943242	0.7842982	0.7721149	0.7647092	0.7534536	0.6865463	0.6683593	0.5307306	
111	0.9157733	0.8944369	0.8749641	0.7886794	0.7785264	0.7662616	0.7587508	0.747302	0.6793811	0.6608764	
112	0.9325683	0.8970712	0.875438	0.8556343	0.7689531	0.7584801	0.7459593	0.7382031	0.7267368	0.6624542	
113	0.8454916	0.8300711	0.7986601	0.7928069	0.7720715	0.7439626	0.7343532	0.7220686	0.7146351	0.7031795	
114	0.8550044	0.8383014	0.8316121	0.8008254	0.7950982	0.7741414	0.7460675	0.7363739	0.7239783	0.7164912	
115	0.8747667	0.8532542	0.8364338	0.8297445	0.7988632	0.7931509	0.772222	0.7438371	0.736584	0.729861	
116	0.9590146	0.8561701	0.8349425	0.8318469	0.8254181	0.8045681	0.7989651	0.7783758	0.7497816	0.7441536	
117	0.9139509	0.9063158	0.8065162	0.7852651	0.7822099	0.781174	0.7624676	0.7571941	0.7373549	0.7087042	
118	0.9208795	0.9049212	0.8975265	0.7967185	0.7752439	0.7722557	0.7712404	0.7534621	0.7487446	0.7300422	
119	0.9180855	0.9131358	0.897818	0.8905846	0.7899559	0.7683037	0.7653235	0.7645682	0.7466301	0.741814	
120	0.9816781	0.912649	0.9076912	0.8923045	0.8854457	0.7840662	0.7622214	0.7592101	0.7584535	0.7403689	
121	0.9826128	0.9725172	0.9049868	0.9000746	0.8851108	0.8797538	0.7781765	0.7561784	0.7531503	0.752388	
122	0.9394269	0.9312329	0.9211984	0.8941417	0.8893909	0.8756684	0.8706345	0.7721484	0.7505811	0.7475946	
123	0.9366516	0.923527	0.9171299	0.9106769	0.8869016	0.8824834	0.8687688	0.8637569	0.7686095	0.7475766	
124	0.975016	0.9231453	0.9104095	0.9041505	0.8978927	0.8747456	0.8704122	0.8573131	0.8525974	0.762152	
125	0.9569602	0.9433805	0.9152718	0.9025911	0.8976667	0.8915713	0.8684177	0.8645572	0.8514885	0.8467933	
126	0.9498566	0.9478398	0.9343457	0.9089729	0.8963155	0.8914759	0.8858076	0.8625731	0.8587309	0.8456246	
127	0.7033048	0.6763961	0.6749933	0.6689412	0.6554783	0.6504646	0.648569	0.645529	0.6294975	0.6271025	
128	0.6357116	0.6305788	0.6138997	0.612759	0.6074807	0.5969038	0.592805	0.5912556	0.5886006	0.5743004	
129	0.6262166	0.6159973	0.6120511	0.5966665	0.5958195	0.5931126	0.5836086	0.5795869	0.5781638	0.5757799	
130	0.5973227	0.5959439	0.5897422	0.5880107	0.575519	0.5747456	0.5723481	0.5638242	0.5598715	0.5585188	
131	0.5937378	0.5875513	0.58628	0.580179	0.5787578	0.5674589	0.5667089	0.5644981	0.5562578	0.5524938	
132	0.6037886	0.5727728	0.568829	0.5675801	0.5621211	0.5609336	0.5510882	0.5503829	0.5483053	0.540783	
133	0.9658994	0.5752647	0.5616614	0.5579102	0.5566871	0.5512282	0.5500963	0.541467	0.540776	0.5387063	
134	0.9963482	0.9633932	0.5656664	0.5521064	0.5483416	0.5471158	0.5416389	0.5405123	0.5329989	0.5323176	
135	0.9951071	0.9929237	0.9596644	0.554197	0.5413489	0.5378018	0.5365716	0.5311921	0.5300902	0.5228347	
136	0.8189987	0.8170954	0.8153386	0.7815226	0.3680049	0.356196	0.3528931	0.3520969	0.3469382	0.346006	
137	0.6770567	0.6748948	0.6736334	0.6720781	0.6380586	0.2165074	0.2056961	0.2027176	0.2020833	0.1972697	
138	0.6372249	0.6334097	0.6322227	0.6310187	0.629718	0.595077	0.1647544	0.1547088	0.1519918	0.1514975	
139	0.6074911	0.6067484	0.6053758	0.6046749	0.6040078	0.602732	0.5674601	0.1279913	0.1244507	0.1222261	
140	0.1003358	0.09916758	0.09882547	0.09829607	0.09795845	0.09774842	0.09668456	0.08418223	0.08415905	0.08189563	
141	0.5113744	0.0780488	0.07698433	0.07674906	0.07636487	0.07617668	0.07601843	0.07494151	0.0622662	0.06224921	
142	0.008865879	0.008441052	0.006795401	0.006742836	0.006704668	0.00667984	0.006666526	0.00665611	0.006646839	0.006591286	
143	0.004511544	0.001010571	0.0009786825	0.0009147399	0.0009102029	0.0009017531	0.0008994486	0.0008980176	0.0008935039	0.0008929796	
144	0.004705996	0.0004017595	0.0001059055	9.732253e-05	9.044559e-05	8.86341e-05	8.843852e-05	8.819179e-05	8.791019e-05	8.400871e-05	
145	0.1417803	0.003752797	0.0003047147	7.831578e-05	7.409683e-05	6.857537e-05	6.762255e-05	6.747778e-05	6.729089e-05	6.706164e-05	
146	0.9916724	0.1383031	0.003703574	0.0002931411	7.489366e-05	7.070214e-05	6.618168e-05	6.521936e-05	6.508085e-05	6.489764e-05	
147	0.9878574	0.9819094	0.1331094	0.003672254	0.0002839779	7.263463e-05	6.844182e-05	6.404945e-05	6.306382e-05	6.293105e-05	
148	0.5604579	0.5510226	0.5449693	0.1144849	0.003570732	0.0002718138	6.928476e-05	6.506109e-05	6.130113e-05	6.029179e-05	
149	0.5687314	0.5250664	0.5157734	0.5095944	0.1117824	0.003522729	0.0002573785	6.195209e-05	5.771258e-05	5.418598e-05	
150	0.9130121	0.4927236	0.4605967	0.454891	0.4486317	0.09717102	0.003241746	0.0002206633	5.524558e-05	5.12374e-05	
151	0.8578755	0.8488503	0.429228	0.3970224	0.3915703	0.3870361	0.08869149	0.003005573	0.0001883423	4.846047e-05	
152	0.9443498	0.8533658	0.8446115	0.4129081	0.3798139	0.3745793	0.369946	0.0858522	0.001741686	0.0001773184	
153	0.9428108	0.9365598	0.8476966	0.8396963	0.3957538	0.3617549	0.3564375	0.3516925	0.08414599	0.001680226	
154	0.9408968	0.9035592	0.8993079	0.8214433	0.8143587	0.3570037	0.3223107	0.3172621	0.3171209	0.07987727	
155	0.9079614	0.8798618	0.8537974	0.8500261	0.8255302	0.8185934	0.3466734	0.3109042	0.3057484	0.3056257	
156	0.4305234	0.423662	0.4017007	0.3799569	0.3766033	0.3553927	0.3505357	0.3355964	0.2986725	0.2934	
157	0.4175132	0.3677682	0.3615174	0.3486739	0.3310692	0.3280982	0.3100881	0.3054598	0.2901888	0.2882534	
158	0.9656988	0.391853	0.3467052	0.3407134	0.3297511	0.3145147	0.3117536	0.2941825	0.2902193	0.2882655	
159	0.9572349	0.9503294	0.3587212	0.3230902	0.3179672	0.3075205	0.2984612	0.2962946	0.2794427	0.2756677	
160	0.3328304	0.3147754	0.3096885	0.2897852	0.2670294	0.2644383	0.2568936	0.2475924	0.2473681	0.2324112	
161	0.321422	0.2967346	0.2792994	0.274754	0.258287	0.2356651	0.2332134	0.2271138	0.2175533	0.2173563	
162	0.2040731	0.1839513	0.1767249	0.1740588	0.1707778	0.1691719	0.1585537	0.1570615	0.1520612	0.1422233	
163	0.1709563	0.1510393	0.1491603	0.1434128	0.1413958	0.1387178	0.1373762	0.1268539	0.1255228	0.1216414	
164	0.8113736	0.1254068	0.1234231	0.1230317	0.1184072	0.1167542	0.114527	0.113336	0.10272	0.1014993	
165	0.9963467	0.8086515	0.1015946	0.0998109	0.09946386	0.09593811	0.09476535	0.09301483	0.09248583	0.08170627	
166	0.1139579	0.1110104	0.09378354	0.07444929	0.07382742	0.07353161	0.07119418	0.07040188	0.06916816	0.06882007	
167	0.05763664	0.05456553	0.05310084	0.04611494	0.03787368	0.03753263	0.03728331	0.0362238	0.0358532	0.03537219	
168	0.01664873	0.01562876	0.01549383	0.01517146	0.01486689	0.0144893	0.01446274	0.01444258	0.01439976	0.01438466	
169	0.04328356	0.001371133	0.001017862	0.0009677643	0.0009042794	0.0007796969	0.0006218797	0.0006127991	0.0006050236	0.0005873941	
170	0.3712807	0.03559942	0.0009389773	0.0006980184	0.0006592789	0.0006020176	0.0004984469	0.0003690363	0.0003613981	0.0003546703	
171	0.924453	0.3660126	0.03483213	0.0008248435	0.0005934613	0.0005559017	0.0005496762	0.0004514297	0.0003251327	0.0003187827	
172	0.9655465	0.918615	0.3633678	0.03456079	0.0008181528	0.0005885417	0.0005512874	0.000545201	0.000447685	0.0003216174	
173	0.9876432	0.9581629	0.9081356	0.3588859	0.03409277	0.0008036755	0.0005769321	0.0005401635	0.0005341576	0.0004378766	
174	0.9670982	0.9646533	0.9368924	0.8832066	0.3493228	0.03316229	0.0007713812	0.0005503634	0.000514576	0.0005088462	
175	0.969157	0.9581908	0.9555411	0.9278599	0.8697482	0.344583	0.03266944	0.0007584822	0.0005403	0.0005050281	
176	0.971154	0.9438575	0.9336723	0.9307899	0.90605	0.8429461	0.3356359	0.03201364	0.0007425352	0.0005284027	
177	0.9678317	0.9605012	0.9307369	0.9201523	0.9169711	0.8935559	0.8240631	0.3289287	0.03140644	0.0007284516	
178	0.9668071	0.9615237	0.95457	0.9216209	0.9102243	0.9066652	0.8842062	0.806598	0.3219145	0.03073041	
179	0.95935	0.9516853	0.946489	0.9397352	0.9026694	0.8993119	0.8952659	0.873497	0.7854174	0.3133048	
180	0.7894352	0.7881682	0.7844015	0.780184	0.7738188	0.7706898	0.7675118	0.7673985	0.7468376	0.7435892	
181	0.8240583	0.7608403	0.759649	0.7557578	0.7516051	0.7455535	0.7425384	0.7395846	0.7394755	0.7196786	
182	0.9918098	0.8171538	0.759214	0.7580244	0.7537626	0.7494254	0.7433245	0.7403176	0.7373448	0.7372361	
183	0.9893385	0.9848034	0.8126643	0.7552021	0.7540302	0.7504928	0.7466093	0.7407295	0.7377335	0.734884	
184	0.9918169	0.9846563	0.9801436	0.8087066	0.7514703	0.7503033	0.7476618	0.7442898	0.7384801	0.7354935	
185	0.9933582	0.9878538	0.9807282	0.9762357	0.8054306	0.7485358	0.7473728	0.7450348	0.74171	0.7359994	
