#unpaired probabilities
#i$	l=1	2	3	4	5	6	7	8	9	10	
1	0.9795666	NA	NA	NA	NA	NA	NA	NA	NA	NA	
2	0.973437	0.9590445	NA	NA	NA	NA	NA	NA	NA	NA	
3	0.9777619	0.9584861	0.9452735	NA	NA	NA	NA	NA	NA	NA	
4	0.9884482	0.9719998	0.9528499	0.939782	NA	NA	NA	NA	NA	NA	
5	0.6584806	0.6557074	0.652262	0.637422	0.6265747	NA	NA	NA	NA	NA	
6	0.6565293	0.6045583	0.6026181	0.6001646	0.586143	0.5753928	NA	NA	NA	NA	
7	0.5734205	0.3194927	0.2827724	0.2823091	0.2810854	0.2722299	0.2671235	NA	NA	NA	
8	0.6653915	0.5332183	0.2945017	0.2616896	0.2607902	0.2585183	0.2552998	0.2502914	NA	NA	
9	0.7612214	0.6623798	0.5327913	0.2940694	0.2613098	0.2604125	0.2581468	0.2549283	0.2499418	NA	
10	0.08738939	0.07563178	0.06572557	0.05180434	0.04500803	0.04083642	0.04080041	0.04051192	0.03999409	0.0394899	
11	0.03408022	0.01214506	0.00761523	0.006516205	0.002327414	0.002265712	0.002160488	0.002170389	0.00215434	0.002106038	
12	0.0435648	0.0316084	0.01097792	0.00646488	0.005362203	0.001187604	0.001141096	0.001078038	0.00107537	0.001057533	
13	0.06919264	0.03357311	0.02915989	0.008381316	0.006126288	0.005057545	0.0009871759	0.0009402066	0.0008832202	0.0008785486	
14	0.07435692	0.04846075	0.02769539	0.02500209	0.003840317	0.00108582	0.0009338329	0.0006362603	0.0006030783	0.0005542951	
15	0.7920305	0.06104186	0.04290552	0.02369731	0.02486725	0.003706052	0.0009374401	0.0008122822	0.0005516972	0.0005520192	
16	0.8954278	0.7699182	0.0605463	0.04279442	0.02361977	0.02479039	0.003664198	0.0008909773	0.0007608347	0.0004981383	
17	0.3583461	0.2587655	0.2183634	0.03591252	0.02282381	0.00369383	0.003322005	0.003640251	0.0008649033	0.0007328049	
18	0.08879874	0.07116459	0.05771643	0.04380044	0.02031203	0.01743071	0.000912317	0.0007015073	0.0007625632	0.0008449004	
19	0.04017028	0.0257509	0.01866034	0.0140783	0.009009135	0.001859581	0.0006750457	0.0003619008	0.000260428	0.0002798063	
20	0.09506764	0.02691294	0.01701839	0.01139575	0.008390072	0.00475496	0.001372714	0.0005326424	0.000319531	0.0002488412	
21	0.7425092	0.08894488	0.02491228	0.01602191	0.01058862	0.007879643	0.004650947	0.001301864	0.0004669422	0.0002541529	
22	0.9453848	0.7088761	0.07895829	0.01960659	0.01142494	0.008652289	0.006682488	0.004303239	0.001105873	0.0003338944	
23	0.4716431	0.4603751	0.4353261	0.04535892	0.009247319	0.005166582	0.004038863	0.003118554	0.001907523	0.0006444411	
24	0.8277966	0.4582353	0.4476684	0.4261683	0.04424204	0.008775446	0.004816543	0.003757179	0.002880805	0.001708502	
25	0.6671857	0.6404329	0.4328938	0.425128	0.4176578	0.0400035	0.007560554	0.004140256	0.003226429	0.002477715	
26	0.7758955	0.6430104	0.6237302	0.4157091	0.4071864	0.3989284	0.02125797	0.007543181	0.004126114	0.003212758	
27	0.9701764	0.7695348	0.642465	0.6235107	0.4155762	0.4070791	0.3988472	0.02120423	0.007507462	0.0041204	
28	0.9078242	0.8980824	0.6978229	0.5682078	0.5466316	0.400441	0.3997109	0.3985965	0.02114426	0.007467649	
29	0.819832	0.7330768	0.717784	0.5108428	0.4509225	0.4245288	0.3995775	0.3988284	0.3977356	0.02102178	
30	0.7588865	0.6386726	0.5465955	0.5253963	0.4991589	0.4409846	0.4229704	0.3985466	0.3980473	0.3972368	
31	0.3734709	0.3375385	0.3035714	0.2684951	0.2401383	0.2039516	0.1369287	0.1064213	0.06869655	0.05327928	
32	0.437081	0.3265508	0.3004856	0.2675795	0.2335025	0.2040252	0.1735669	0.1297262	0.09892875	0.06700292	
33	0.5761185	0.4253515	0.3185321	0.2928016	0.2600398	0.2307928	0.2016177	0.1715601	0.1281015	0.09800093	
34	0.4770975	0.4208047	0.3774866	0.3120178	0.2864251	0.2553691	0.227458	0.1994079	0.169439	0.1260662	
35	0.7690517	0.4609277	0.4102013	0.3700994	0.3096011	0.2847191	0.2538659	0.2259693	0.1978762	0.1678667	
36	0.7736192	0.7295092	0.4519938	0.4031518	0.3632796	0.3032247	0.2785139	0.2477492	0.2199332	0.192158	
37	0.8649862	0.7658975	0.7220262	0.4466561	0.3979918	0.3584491	0.2994931	0.2750829	0.2445671	0.2170346	
38	0.6796189	0.5874622	0.5046716	0.4707153	0.4180521	0.392921	0.3552257	0.2969228	0.2736289	0.2434062	
39	0.6771617	0.6521768	0.5812176	0.5015883	0.4679907	0.4158051	0.3908319	0.3534073	0.2954701	0.2724089	
40	0.1018298	0.1038055	0.07747591	0.07214941	0.06319651	0.03883955	0.01619203	0.005011781	0.003850318	0.003214793	
41	0.08914886	0.07156607	0.07300737	0.0699384	0.066066	0.05816291	0.03552431	0.0130122	0.002120244	0.001585549	
42	0.671478	0.08647315	0.06906325	0.0704551	0.0674536	0.06518262	0.05810839	0.03548263	0.01299225	0.002107297	
43	0.6239908	0.4354944	0.06667512	0.05585932	0.05700108	0.05608915	0.0550547	0.05045744	0.0344616	0.01203932	
44	0.4097607	0.259773	0.08726575	0.05088467	0.05162376	0.0529397	0.05200545	0.0530286	0.04899968	0.03306448	
45	0.2291558	0.2075566	0.186166	0.03797178	0.01653607	0.01673704	0.01715968	0.01530939	0.01565362	0.0150782	
46	0.1277694	0.1174953	0.1073904	0.09396027	0.02066339	0.002237197	0.002189825	0.002242275	0.001199385	0.001208158	
47	0.2205265	0.1173016	0.1069728	0.09687827	0.09269464	0.02037296	0.002078243	0.00202914	0.002077559	0.001030377	
48	0.2370888	0.1279551	0.0970387	0.08692544	0.08093088	0.07817867	0.01788507	0.001397845	0.001359516	0.001392485	
49	0.1893642	0.1262708	0.09897887	0.08272833	0.07271073	0.06891838	0.06724164	0.01640744	0.001156738	0.001155484	
50	0.1790199	0.1207705	0.1138109	0.09294179	0.08025169	0.07045509	0.0668821	0.06536254	0.01608683	0.001117776	
51	0.3840213	0.09827208	0.08099072	0.07978452	0.06391918	0.05894484	0.04881161	0.04917343	0.04767791	0.001707411	
52	0.6163035	0.2849536	0.06059101	0.04443004	0.0428653	0.02687998	0.02122533	0.02140668	0.02117232	0.01905849	
53	0.2412798	0.2279925	0.2235843	0.04022087	0.03253548	0.03160425	0.01585809	0.01045238	0.01041494	0.01055902	
54	0.284484	0.2103685	0.2023101	0.1985003	0.03632337	0.03077799	0.03040053	0.01519022	0.009955077	0.009908639	
55	0.6099239	0.2723736	0.2062912	0.19861	0.1950714	0.03565521	0.03037993	0.03006008	0.01502131	0.009837045	
56	0.976678	0.5905545	0.2594159	0.2008651	0.1932617	0.1918419	0.03273531	0.03017257	0.02985034	0.0148112	
57	0.9734547	0.9710362	0.5866856	0.2573807	0.1994887	0.1918972	0.190488	0.03190657	0.02934883	0.0290397	
58	0.08569138	0.07810757	0.07474279	0.06198468	0.02170137	0.01103046	0.01013026	0.01005901	0.005522429	0.005483797	
59	0.03936462	0.03472753	0.03359486	0.03308095	0.02983014	0.006044627	0.0004421329	0.0003361604	0.0003006723	0.0001626271	
60	0.3528943	0.0160312	0.01139158	0.01015717	0.009249326	0.005601669	0.004265856	0.0003577578	0.0002614868	0.0002470417	
61	0.1031655	0.08163823	0.01314914	0.00969087	0.008554209	0.00769482	0.005257445	0.004070847	0.000347263	0.0002524079	
62	0.1555085	0.09044513	0.07027895	0.01276618	0.00942338	0.008327708	0.007485979	0.0051989	0.004045205	0.0003360807	
63	0.9754938	0.1520171	0.08727281	0.06740312	0.01042647	0.00707029	0.005941722	0.00506259	0.00273759	0.001561519	
64	0.6985297	0.6792677	0.09803221	0.04359643	0.02690951	0.007184957	0.004809523	0.003900553	0.003179171	0.002230485	
65	0.6643811	0.6582356	0.6485412	0.0893515	0.03663242	0.02104244	0.006505968	0.004390914	0.003542035	0.002873758	
66	0.6445789	0.631427	0.6312181	0.6253353	0.07244036	0.02364918	0.01394151	0.004618722	0.003240424	0.002567263	
67	0.9728915	0.6441756	0.6310741	0.630919	0.6250568	0.07219909	0.0234914	0.01380184	0.004492006	0.003180418	
68	0.9175919	0.893246	0.6360371	0.6251743	0.626077	0.6211889	0.06922273	0.02127235	0.01228499	0.004088899	
69	0.6430492	0.6380343	0.6176965	0.5998389	0.6018491	0.6057542	0.6066246	0.05877492	0.01325313	0.006363847	
70	0.2276339	0.1408819	0.129812	0.1023862	0.07919456	0.07346696	0.06951473	0.06200421	0.05851416	0.01306057	
71	0.1264359	0.1076616	0.06400441	0.05556145	0.04654602	0.02872487	0.0244186	0.02168582	0.0149552	0.01223272	
72	0.08565677	0.07566132	0.07145545	0.03562386	0.03285557	0.02814508	0.01687854	0.01488205	0.01327059	0.007830973	
73	0.390515	0.07476263	0.06534718	0.06145975	0.02600935	0.0235432	0.01911849	0.01551926	0.01365143	0.01215684	
74	0.2403614	0.1618364	0.07166319	0.0628078	0.05899311	0.02561563	0.02318428	0.01886717	0.01535682	0.01354121	
75	0.7119886	0.2321207	0.1609329	0.07096735	0.06213851	0.058325	0.02496044	0.02253048	0.01881527	0.01532271	
76	0.7085517	0.6755291	0.2216757	0.1570526	0.06855531	0.06030357	0.05664526	0.02298052	0.02062855	0.01751574	
77	0.7834151	0.6938906	0.6618374	0.2175177	0.1571913	0.06795484	0.05970027	0.05612587	0.02205627	0.0197241	
78	0.6326491	0.6239225	0.5550892	0.5388577	0.2099059	0.1567496	0.06664885	0.05841109	0.05481359	0.02042927	
79	0.625993	0.6106232	0.6033161	0.5367404	0.5216073	0.2069452	0.1572331	0.06636755	0.05805528	0.05444666	
80	0.5320559	0.5083805	0.4978063	0.4896343	0.4234574	0.4075083	0.2041077	0.1576784	0.06606237	0.05783612	
81	0.525755	0.4026114	0.3813201	0.3701402	0.3606066	0.2927853	0.2753319	0.1999102	0.1565486	0.06560854	
82	0.3689238	0.3463369	0.3218219	0.3059443	0.2942873	0.2835661	0.214153	0.195502	0.1215484	0.07894285	
83	0.3019791	0.2929971	0.2756607	0.2533869	0.2407116	0.2307536	0.2216596	0.1860149	0.1699587	0.1089365	
84	0.2306678	0.1678611	0.1626956	0.1572869	0.1493729	0.1424876	0.1356101	0.1288595	0.1084163	0.09900863	
85	0.4333844	0.1550388	0.1508709	0.1509362	0.1479143	0.1414353	0.1346721	0.1278937	0.121183	0.1007937	
86	0.8170321	0.3454557	0.156567	0.1525411	0.152726	0.149715	0.1431981	0.136386	0.1295505	0.1227818	
87	0.7765698	0.649482	0.1881026	0.1486215	0.1450426	0.1452802	0.1425783	0.1365662	0.1303196	0.1240557	
88	0.6905766	0.6717458	0.6301691	0.1803566	0.1474094	0.1438626	0.1441093	0.1413909	0.1353309	0.1290463	
89	0.5305495	0.3587421	0.3393381	0.3007825	0.1443665	0.1259782	0.1231035	0.1233379	0.1209955	0.1156781	
90	0.5878202	0.4903617	0.3320772	0.3131581	0.2946372	0.1444579	0.1261479	0.1233776	0.1236505	0.1213964	
91	0.6195292	0.5762022	0.483467	0.3339301	0.3154657	0.2977263	0.1460261	0.1277277	0.1249558	0.1252626	
92	0.893453	0.6104816	0.5671518	0.4784729	0.3353278	0.3172276	0.2997126	0.147663	0.1293017	0.1265262	
93	0.6874425	0.6686892	0.5802518	0.5540405	0.4698718	0.3350298	0.3174425	0.2999066	0.1488173	0.1308392	
94	0.7501825	0.6667893	0.6478796	0.5657913	0.5399853	0.4597394	0.3321889	0.3149382	0.29726	0.1503968	
95	0.9832184	0.7334432	0.654857	0.6360573	0.5530432	0.5269078	0.4501127	0.3285489	0.3115301	0.2938506	
96	0.7274093	0.7201552	0.6796241	0.609126	0.5901645	0.5350477	0.512178	0.439143	0.3246387	0.3081333	
97	0.7265676	0.7138924	0.7066932	0.6673821	0.5971685	0.5785168	0.5249608	0.5021379	0.4332335	0.3256361	
98	0.9833173	0.7203614	0.7077369	0.7005082	0.6622675	0.5910528	0.5721254	0.517992	0.4949383	0.4301072	
99	0.9847787	0.9729473	0.7071559	0.6946257	0.6883258	0.6501065	0.5802438	0.5625448	0.5098291	0.4865069	
100	0.7129018	0.7000749	0.6849063	0.6699863	0.6631419	0.656755	0.6370106	0.5671729	0.5495873	0.4974899	
101	0.7117034	0.7017441	0.6887846	0.6734933	0.660048	0.6531919	0.6468031	0.6275845	0.5567193	0.5388409	
102	0.7065619	0.6983708	0.6886481	0.6755988	0.6605654	0.6471004	0.6401379	0.6336721	0.6142836	0.5422479	
103	0.7479048	0.6982901	0.6903295	0.6806539	0.6677184	0.6527842	0.6393889	0.6325989	0.6265605	0.6073894	
104	0.7827052	0.7361854	0.6894647	0.6814667	0.6717576	0.6589333	0.6438204	0.6306185	0.6237579	0.6177236	
105	0.7881671	0.7693271	0.7243999	0.6784704	0.6703237	0.6605379	0.6483951	0.6330556	0.6200236	0.6130328	
106	0.7987356	0.7736866	0.7551258	0.7100156	0.6658115	0.6574486	0.6475527	0.6378342	0.6226822	0.6107036	
107	0.8112627	0.7855712	0.7609609	0.7422161	0.696499	0.6524507	0.6438062	0.6338266	0.6257386	0.6105695	
108	0.8165807	0.7969075	0.7716077	0.7467892	0.7279059	0.6816067	0.6382641	0.6293801	0.6194122	0.6123667	
109	0.8480127	0.8145251	0.7949552	0.7696263	0.7447375	0.7256782	0.6788464	0.635388	0.6263656	0.6162932	
110	0.9365959	0.832853	0.8005004	0.7807555	0.7556151	0.7313916	0.7120816	0.6644533	0.6203564	0.6110015	
111	0.8838911	0.8704718	0.8261268	0.7971068	0.777348	0.7521696	0.7278909	0.7085553	0.6605186	0.6164413	
112	0.9255529	0.8902867	0.8776166	0.8341257	0.8050281	0.7851745	0.7598508	0.7353819	0.7159132	0.6675751	
113	0.8923216	0.8764581	0.842653	0.8292767	0.7854115	0.7552756	0.7355743	0.7106171	0.687914	0.6691936	
114	0.9074998	0.8862557	0.8741435	0.8402593	0.8284574	0.7860151	0.7558662	0.7361487	0.7111315	0.6884	
115	0.8422667	0.8324357	0.811155	0.7994693	0.7764055	0.7637583	0.7208206	0.6894046	0.6720124	0.6526267	
116	0.8266411	0.7920086	0.7828739	0.7758512	0.7644929	0.7483288	0.7355877	0.6929791	0.6652653	0.6487849	
117	0.8029174	0.7938992	0.7666822	0.7577504	0.750872	0.7498807	0.7359682	0.7240093	0.6831379	0.6561354	
118	0.8061382	0.7906075	0.7824631	0.7558886	0.7469243	0.7402997	0.7393251	0.7295419	0.7205296	0.6859292	
119	0.7178465	0.7088444	0.6991819	0.6924847	0.6703725	0.6664995	0.6617486	0.6611817	0.6583769	0.6509709	
120	0.8588837	0.7063881	0.6978603	0.6885568	0.6830692	0.6610299	0.6571324	0.652423	0.6518631	0.6490397	
121	0.8925649	0.843137	0.6937734	0.6856264	0.6767217	0.6725682	0.6505784	0.6466521	0.6419766	0.6414184	
122	0.9391857	0.8814288	0.8328912	0.6842533	0.6761492	0.6680438	0.6641351	0.6422124	0.6382426	0.633548	
123	0.9654827	0.9170163	0.8605969	0.8153377	0.6759133	0.6678435	0.6596926	0.6557619	0.6335331	0.6295069	
124	0.9608147	0.9459776	0.8982345	0.8464871	0.8025217	0.6635424	0.6569612	0.6491185	0.6455091	0.6235469	
125	0.9426609	0.925258	0.9112767	0.862871	0.8113044	0.7673261	0.6559073	0.6495115	0.6417493	0.638169	
126	0.945696	0.9276297	0.9101746	0.8961426	0.8470651	0.7965319	0.7522671	0.6492626	0.6428047	0.6351093	
127	0.6146958	0.5822334	0.5711828	0.5630274	0.5538265	0.5497418	0.5170065	0.4948381	0.4308782	0.4286715	
128	0.5346293	0.5288474	0.5035889	0.4937499	0.48731	0.4786751	0.4768608	0.4502833	0.4329853	0.3826426	
129	0.5326924	0.5131691	0.5076816	0.4839136	0.4743195	0.4699318	0.4616689	0.4600023	0.4363699	0.4203277	
130	0.4947294	0.4931899	0.4785164	0.4765154	0.4567187	0.4472546	0.4435329	0.4355205	0.4339563	0.4130362	
131	0.4920256	0.4821897	0.4807954	0.4662136	0.4646587	0.4465091	0.4370925	0.4338686	0.4260059	0.4245925	
132	0.5047285	0.4634142	0.4584646	0.457287	0.4428066	0.4412933	0.4250414	0.4157379	0.4131255	0.4056639	
133	0.9530376	0.4677943	0.4482839	0.4436449	0.4426399	0.4281956	0.4267498	0.4122479	0.4030441	0.4008721	
134	0.9955982	0.9511192	0.4567221	0.4374094	0.4328149	0.4318247	0.4174015	0.4159639	0.402809	0.3937398	
135	0.9792974	0.9781182	0.9425843	0.4386156	0.4204397	0.4160827	0.415151	0.4012961	0.3999179	0.3870602	
136	0.9908877	0.9709904	0.9699545	0.934024	0.4202294	0.402853	0.3987065	0.3977944	0.3845397	0.383214	
137	0.980246	0.978277	0.9595781	0.9586323	0.9220832	0.3979185	0.3814682	0.3775655	0.376678	0.3641224	
138	0.9912372	0.9775531	0.9757341	0.9566984	0.9557533	0.918492	0.3834634	0.3676648	0.3639935	0.3631157	
139	0.813251	0.8129092	0.8103121	0.8092909	0.7937951	0.7931405	0.7556585	0.2100622	0.2048275	0.2020227	
140	0.1133895	0.1125011	0.1122735	0.1120167	0.1116855	0.1084794	0.1081464	0.09751344	0.09733712	0.09403462	
141	0.1331245	0.08929521	0.08911426	0.08899998	0.08884003	0.08853301	0.08539793	0.08507398	0.07426116	0.07413079	
142	0.01094926	0.0106014	0.006648043	0.006590979	0.006538149	0.006528475	0.006412327	0.006388848	0.006377151	0.00633052	
143	0.005197085	0.0009298512	0.0009009486	0.0006799339	0.0006775749	0.0006729859	0.0006721782	0.0006687156	0.0006625117	0.0006621224	
144	0.006879678	0.0006232101	0.000149379	0.0001424405	9.694956e-05	9.631356e-05	9.602354e-05	9.587861e-05	9.383435e-05	9.350284e-05	
145	0.383361	0.005348923	0.0005440979	0.0001264804	0.000122096	7.994564e-05	7.951956e-05	7.924025e-05	7.911242e-05	7.708518e-05	
146	0.7160555	0.1187003	0.00501159	0.0005118169	0.0001224195	0.0001182289	7.656181e-05	7.61396e-05	7.58692e-05	7.574218e-05	
147	0.7198212	0.705668	0.115336	0.004975825	0.0005071286	0.000121149	0.0001169541	7.488174e-05	7.445124e-05	7.418096e-05	
148	0.7005137	0.6579465	0.6452614	0.1096078	0.004734004	0.0004450109	0.0001062255	0.0001023224	7.033283e-05	6.992603e-05	
149	0.8665125	0.6141058	0.5754201	0.5640415	0.1039911	0.004653319	0.0004360268	0.0001044659	0.0001005891	6.856066e-05	
150	0.8565951	0.8392413	0.5807785	0.5450964	0.5341164	0.1004194	0.004611935	0.0004302651	0.0001025621	9.909555e-05	
151	0.8356067	0.8212462	0.8051793	0.5550004	0.520861	0.5103651	0.09680289	0.004558498	0.0004233433	0.0001001228	
152	0.8661804	0.8246108	0.8119745	0.7960272	0.541293	0.5084295	0.4983843	0.09407588	0.004508818	0.0004211426	
153	0.9736306	0.8576825	0.8187556	0.8072462	0.7914809	0.5297305	0.4978094	0.4880633	0.09185652	0.004510354	
154	0.3424456	0.3347269	0.2949506	0.2840744	0.2786216	0.2649721	0.2589757	0.2521435	0.2484388	0.050438	
155	0.3437484	0.3185901	0.3118807	0.2737602	0.2639331	0.2590585	0.2453215	0.2395281	0.2345073	0.2312958	
156	0.9123204	0.3118615	0.287774	0.2813819	0.2453813	0.2363312	0.2319598	0.2286019	0.2227267	0.2194159	
157	0.9392099	0.8988112	0.2868997	0.2696145	0.2634444	0.2301981	0.2224479	0.2185306	0.2153221	0.2101008	
158	0.9705162	0.9529608	0.9194089	0.2878596	0.2705839	0.2643107	0.2305382	0.2229352	0.2190405	0.2174633	
159	0.9785325	0.9664433	0.9484406	0.9295246	0.2774636	0.2603877	0.2542802	0.2228362	0.2153452	0.2115117	
160	0.954949	0.9495991	0.9382597	0.9312869	0.912207	0.2459376	0.231562	0.2260851	0.1975327	0.1908235	
161	0.9634517	0.9456459	0.9405034	0.9294871	0.922643	0.9058472	0.2152441	0.2035001	0.1985665	0.1728416	
162	0.945651	0.9399982	0.9348264	0.9315089	0.9215335	0.9199054	0.9027213	0.1859391	0.1757978	0.1714015	
163	0.2017295	0.1672848	0.1616893	0.1586422	0.1563022	0.148141	0.1470052	0.1298896	0.1197961	0.1130551	
164	0.1790837	0.1570051	0.1284793	0.1242885	0.1217463	0.1199964	0.1123459	0.1115123	0.09391095	0.085779	
165	0.9299106	0.1724918	0.150472	0.1206643	0.1163657	0.1139271	0.1125491	0.1048065	0.1040912	0.08574042	
166	0.9796763	0.9087396	0.1591541	0.137178	0.1119205	0.1077187	0.1053701	0.1040509	0.0962019	0.09557572	
167	0.8767927	0.8765398	0.8027294	0.1029343	0.09078604	0.08829386	0.08399089	0.08256334	0.08177097	0.07985476	
168	0.28761	0.2776462	0.2774916	0.2323743	0.06587058	0.06363147	0.06146904	0.0612273	0.06062544	0.06029662	
169	0.1553766	0.1254409	0.1228852	0.1227706	0.1224491	0.0303118	0.02881224	0.02874255	0.02857967	0.02818481	
170	0.1093882	0.07730029	0.06812464	0.06729619	0.06724518	0.0670309	0.01759929	0.01666894	0.01662881	0.01652044	
171	0.1936834	0.07850144	0.05327153	0.04767233	0.04716637	0.04712641	0.0470584	0.01347326	0.01277619	0.01274741	
172	0.3042663	0.1629396	0.06570716	0.04445539	0.03969109	0.03927572	0.0392427	0.03918517	0.01121733	0.01062758	
173	0.2455458	0.2443447	0.124035	0.05035787	0.03385684	0.03052947	0.03020515	0.03017954	0.03013339	0.00860598	
174	0.1767181	0.1741432	0.1732686	0.07727308	0.03368655	0.02214796	0.01996895	0.01974777	0.01973064	0.01970427	
175	0.1046396	0.1014988	0.1005276	0.1002081	0.02967484	0.01276398	0.009038246	0.008253701	0.008146314	0.008138627	
176	0.2154463	0.09119766	0.08888742	0.08819735	0.08793268	0.0192777	0.008611541	0.006146729	0.005660049	0.005575924	
177	0.9632531	0.2161124	0.09600978	0.09368728	0.09299839	0.09274972	0.01853447	0.008283581	0.006056961	0.005593014	
178	0.9411018	0.9268995	0.2186123	0.1017457	0.09947538	0.09878574	0.09865432	0.01789035	0.008101912	0.005967001	
179	0.9920465	0.9352827	0.921413	0.2251151	0.1102066	0.1082267	0.107532	0.107401	0.01727814	0.007915454	
180	0.8534208	0.8514663	0.807719	0.7952211	0.1405493	0.03024424	0.02881205	0.02827601	0.02816472	0.01581194	
181	0.889999	0.8355752	0.8336641	0.7906016	0.778303	0.1370737	0.0290381	0.02764116	0.02711641	0.02700745	
182	0.9323605	0.8737688	0.8229096	0.821029	0.7782798	0.7660713	0.1344062	0.02798917	0.02661705	0.02610041	
183	0.91564	0.9048844	0.8525747	0.8029493	0.8011282	0.759691	0.7479253	0.1307148	0.0267233	0.02538848	
184	0.9785492	0.9054647	0.8949314	0.8450084	0.7959017	0.7940971	0.7538769	0.7424805	0.1297095	0.02644974	
185	0.9838376	0.9700016	0.8975941	0.8871646	0.8377506	0.7891114	0.7873212	0.7477262	0.7364588	0.1286485	
