#unpaired probabilities
 #i$	l=1	2	3	4	5	6	7	8	9	10	
1	0.9858482	NA	NA	NA	NA	NA	NA	NA	NA	NA	
2	0.9296365	0.9162946	NA	NA	NA	NA	NA	NA	NA	NA	
3	0.9618719	0.9261646	0.9129429	NA	NA	NA	NA	NA	NA	NA	
4	0.9700401	0.9327793	0.8988307	0.8852311	NA	NA	NA	NA	NA	NA	
5	0.9549958	0.9349127	0.9047723	0.868987	0.8535916	NA	NA	NA	NA	NA	
6	0.976766	0.9509091	0.930749	0.90074	0.8650696	0.8494711	NA	NA	NA	NA	
7	0.7010575	0.695342	0.7048005	0.7285233	0.7874981	0.7349444	0.7063415	NA	NA	NA	
8	0.6048796	0.5674575	0.5576222	0.5600239	0.572829	0.6138784	0.6567877	0.6261423	NA	NA	
9	0.5958904	0.5477427	0.5076741	0.4915819	0.485481	0.4953794	0.5173633	0.5538668	0.5640195	NA	
10	0.7970724	0.5761238	0.5291787	0.4898556	0.4731256	0.477785	0.4876143	0.509429	0.5454227	0.5563675	
11	0.5113177	0.4784106	0.4963787	0.4809083	0.4368694	0.4299373	0.4270775	0.4278208	0.4311743	0.4548642	
12	0.6226374	0.5073461	0.4762586	0.4951265	0.4798714	0.4361318	0.429166	0.4263917	0.4270789	0.4303385	
13	0.8585912	0.6144593	0.5046849	0.4749433	0.4944296	0.479182	0.4354952	0.4285205	0.4257081	0.4263371	
14	0.9745523	0.8438956	0.610743	0.5020202	0.4726071	0.4933242	0.4780915	0.4344651	0.427474	0.4246353	
15	0.8424068	0.8256975	0.688809	0.5622495	0.4733095	0.4438819	0.4685702	0.4509059	0.4041909	0.3923915	
16	0.7862709	0.7639642	0.7442403	0.6020994	0.5480224	0.4627269	0.4355185	0.4602341	0.4416499	0.3938436	
17	0.7913884	0.7602415	0.7379375	0.7169435	0.5734711	0.5248983	0.4578712	0.4318895	0.4564856	0.4375342	
18	0.8062383	0.7838454	0.7526758	0.7301082	0.7087549	0.5651107	0.5177321	0.4518303	0.4303237	0.4549535	
19	0.8041579	0.7516188	0.7269989	0.6979043	0.6785623	0.6595062	0.5251886	0.4831617	0.4227598	0.4062124	
20	0.897953	0.7815014	0.7281352	0.7024286	0.6730802	0.6534009	0.6344897	0.5138119	0.4727923	0.4136898	
21	0.9823333	0.880728	0.7638442	0.7097819	0.6833481	0.6566724	0.6371583	0.6190058	0.5040214	0.4639104	
22	0.310882	0.3051078	0.2930914	0.2062098	0.159767	0.1316407	0.1323063	0.1160379	0.105121	0.09334432	
23	0.3146635	0.2296482	0.2274054	0.221343	0.1512428	0.122716	0.1142846	0.1147471	0.09843923	0.08701398	
24	0.03364587	0.003209985	0.002343311	0.002361338	0.002350455	0.001359952	0.001021433	0.0009058496	0.000615936	0.0004045369	
25	0.001270353	0.0009674951	0.0007519523	0.0003834726	0.0003911056	0.0003993441	0.0003711538	0.0002458856	0.0001908761	0.0001948267	
26	0.004419828	0.0003679948	0.0002983172	0.0002050508	0.0001851855	0.0001854308	0.0001859351	0.0001840469	0.0001812451	0.0001793129	
27	0.1484542	0.004031676	0.0003528677	0.0002854222	0.0001924929	0.0001743151	0.0001750169	0.0001750634	0.0001731071	0.0001716038	
28	0.4509845	0.1400642	0.003660327	0.000349874	0.0002833243	0.0001904448	0.0001725531	0.0001738844	0.0001741316	0.0001721934	
29	0.7236437	0.3778029	0.1342016	0.003403707	0.0001890282	0.0001762283	7.901488e-05	5.688035e-05	5.309282e-05	4.796124e-05	
30	0.1988887	0.1571043	0.1264028	0.03050164	0.001080991	3.564846e-05	3.034739e-05	2.960352e-05	1.616638e-05	1.476466e-05	
31	0.04734234	0.0332857	0.02695175	0.02393064	0.006289517	0.0002342514	8.701233e-06	7.560133e-06	7.047548e-06	5.319237e-06	
32	0.2615322	0.04562922	0.03224584	0.02614107	0.02316755	0.006215802	0.0002318402	8.631411e-06	7.504713e-06	6.993064e-06	
33	0.6475634	0.2316866	0.04505169	0.03186324	0.02581337	0.02287556	0.006072532	0.0002305325	8.565976e-06	7.466274e-06	
34	0.7650701	0.6363708	0.2247124	0.04432832	0.03116298	0.02513972	0.02268316	0.006026762	0.0002298953	8.544759e-06	
35	0.8831633	0.7199241	0.5932876	0.2157311	0.04363155	0.03082246	0.0249601	0.02254596	0.005999233	0.000227938	
36	0.6597999	0.5510096	0.5081325	0.4843997	0.1857966	0.0356362	0.02798979	0.02304817	0.020741	0.00579762	
37	0.4492867	0.3812475	0.3018481	0.2613154	0.2417316	0.1331299	0.03181572	0.02516935	0.02085476	0.01895134	
38	0.5942276	0.4172648	0.3504723	0.2723218	0.2351594	0.2159087	0.1209909	0.02909712	0.02478962	0.02055808	
39	0.971121	0.5823742	0.4055965	0.3401173	0.2618563	0.2252155	0.2058699	0.1194959	0.02885266	0.02460452	
40	0.9735773	0.9555117	0.5716059	0.3952195	0.3307171	0.2523978	0.2172263	0.1984257	0.1171025	0.02863565	
41	0.8370173	0.8285495	0.8278335	0.4747046	0.3169455	0.2665443	0.1999508	0.1736313	0.1624643	0.08997385	
42	0.7731198	0.7694287	0.7653699	0.7728194	0.430595	0.2814799	0.238701	0.1762853	0.1537984	0.145991	
43	0.6953641	0.6872153	0.6874616	0.6860725	0.6935264	0.4159752	0.2696264	0.2285252	0.1675499	0.1465406	
44	0.5992399	0.5741109	0.563414	0.5607808	0.5563467	0.5605645	0.2803187	0.2686463	0.2276142	0.1666853	
45	0.2244033	0.2145831	0.2048964	0.1927535	0.1841595	0.1741751	0.1707433	0.144161	0.1386081	0.1278726	
46	0.553069	0.219128	0.2095127	0.1997878	0.1877053	0.179024	0.1689261	0.1653771	0.1387692	0.1333181	
47	0.7219665	0.5240498	0.2039263	0.194057	0.184017	0.1721524	0.1672827	0.1665038	0.1643896	0.1378889	
48	0.7855401	0.6724743	0.4903487	0.1912648	0.1820473	0.1725956	0.1619359	0.1577215	0.1573084	0.155986	
49	0.7966889	0.7567787	0.6590548	0.4779574	0.1876099	0.1787442	0.1695907	0.1595451	0.1556368	0.15537	
50	0.6751727	0.5400556	0.5095515	0.4516641	0.3669077	0.1619789	0.1547317	0.1486441	0.1401574	0.1370686	
51	0.7413773	0.64647	0.522559	0.4970064	0.441795	0.3592129	0.1609252	0.1537658	0.1477589	0.1394047	
52	0.6555023	0.5604314	0.4974447	0.4113164	0.395684	0.3438874	0.2757683	0.1458288	0.1404236	0.135916	
53	0.7522391	0.593374	0.508079	0.4451787	0.3585684	0.3430399	0.3386801	0.2709292	0.1419209	0.136923	
54	0.2592692	0.2559126	0.1935929	0.146176	0.124156	0.09020528	0.08753982	0.08614542	0.07989194	0.05742742	
55	0.4302588	0.247532	0.2452641	0.1857746	0.1387789	0.1182912	0.08596082	0.08370321	0.08237111	0.0773343	
56	0.8625738	0.4138019	0.2403712	0.238553	0.1823681	0.1357567	0.115561	0.0843677	0.08255767	0.0813041	
57	0.944816	0.825087	0.3831903	0.219907	0.2179672	0.1626874	0.1161036	0.1100254	0.07914276	0.07746317	
58	0.670322	0.6505441	0.6339015	0.2132623	0.1335631	0.1310669	0.1032951	0.07790364	0.07210137	0.05962842	
59	0.7443652	0.6459575	0.6314654	0.6191237	0.1990297	0.1282921	0.12596	0.1013498	0.07664874	0.07099746	
60	0.7832449	0.6752841	0.6183004	0.6049167	0.5938635	0.1758715	0.1189845	0.1166355	0.09231214	0.06774189	
61	0.8390839	0.7565049	0.6515482	0.5992693	0.5857393	0.5752504	0.1577719	0.1160899	0.1137249	0.08952165	
62	0.7664126	0.7289315	0.6963428	0.6067907	0.5637724	0.5527927	0.5451592	0.1325842	0.1005905	0.09832994	
63	0.8524139	0.7254961	0.6883844	0.6584803	0.5826813	0.5500567	0.5390912	0.5315409	0.1261403	0.09496851	
64	0.3806046	0.3536247	0.2616364	0.2302322	0.1972908	0.1760822	0.1441779	0.1316526	0.1192279	0.09898702	
65	0.4701495	0.3313035	0.3049321	0.2177201	0.2041573	0.1716708	0.1515904	0.1258412	0.1141521	0.1018698	
66	0.8179452	0.3895477	0.3077604	0.2820592	0.1964583	0.1826412	0.1500886	0.1364741	0.1137891	0.1020237	
67	0.4818935	0.4516843	0.2520447	0.2114915	0.1908428	0.113664	0.09947227	0.0720932	0.06527626	0.05838432	
68	0.4078976	0.3924103	0.3678783	0.2083766	0.1770208	0.1645028	0.1104337	0.09629066	0.06921636	0.06279226	
69	0.3704739	0.3465349	0.3317773	0.3088462	0.1763206	0.1491324	0.1369262	0.09204749	0.07888443	0.06503431	
70	0.782796	0.3535408	0.330384	0.3161284	0.2976559	0.1736523	0.1468672	0.1356274	0.09134864	0.07818805	
71	0.8382549	0.7539223	0.3369807	0.3151985	0.3014213	0.2858302	0.1713071	0.1449739	0.1339939	0.08999651	
72	0.9433452	0.8270532	0.7485241	0.3356342	0.3141186	0.3003664	0.284849	0.171079	0.1447997	0.1338261	
73	0.7905628	0.7564205	0.6777163	0.6065661	0.2796921	0.2644492	0.2520084	0.2419668	0.163686	0.138914	
74	0.7664164	0.7552075	0.7319111	0.6557963	0.5889392	0.2719268	0.2575387	0.2457448	0.2358224	0.1629222	
75	0.7797374	0.7349778	0.7239777	0.7023103	0.6280246	0.5630454	0.2650237	0.2514968	0.2405865	0.2307032	
76	0.420606	0.3993372	0.3896375	0.3856639	0.3687315	0.3250447	0.2878465	0.1624273	0.1541623	0.1467258	
77	0.411008	0.3863839	0.3676403	0.3596775	0.3560468	0.3406958	0.2973212	0.2622374	0.1497675	0.1418996	
78	0.1460204	0.1374314	0.1346843	0.1350561	0.1350044	0.1329252	0.1195293	0.09566762	0.07023057	0.03136935	
79	0.3279489	0.1094049	0.1057088	0.1029318	0.1030286	0.1026466	0.1002483	0.08647094	0.06277853	0.03705432	
80	0.319346	0.2877118	0.1071343	0.1037446	0.1010924	0.1012065	0.100839	0.09839113	0.08441752	0.06136612	
81	0.3093082	0.2651462	0.2386417	0.09428832	0.09128305	0.08949486	0.08982584	0.09009234	0.08757375	0.08345436	
82	0.7524702	0.1857062	0.1512884	0.1412159	0.03385369	0.03222265	0.03168355	0.03187874	0.03199677	0.03184898	
83	0.5467376	0.4717529	0.1286384	0.1219833	0.1152463	0.023928	0.02282767	0.02254108	0.02272082	0.02283969	
84	0.6933171	0.5191661	0.4436979	0.1138149	0.1079324	0.1030392	0.01889976	0.018003	0.01779868	0.01794815	
85	0.5297214	0.5252914	0.3654642	0.3589698	0.05497609	0.05042766	0.05007056	0.002119891	0.001390513	0.001265412	
86	0.5776216	0.5209092	0.51737	0.3599152	0.3545416	0.04758879	0.04346421	0.04308255	0.0016054	0.001073828	
87	0.5601761	0.3914586	0.3575073	0.3522067	0.3475101	0.3474962	0.03783418	0.03424024	0.03428875	0.001289356	
88	0.8284407	0.3948353	0.3704567	0.3513322	0.3462488	0.3418014	0.3419131	0.0291565	0.02603593	0.02600805	
89	0.2424788	0.2264383	0.0886981	0.06267684	0.04718848	0.0379634	0.02913009	0.02477597	0.02123239	0.01851206	
90	0.1903538	0.1761445	0.1618537	0.07715788	0.05200372	0.03736253	0.02810389	0.01902024	0.01451473	0.01206611	
91	0.1334936	0.1069736	0.09269165	0.07955036	0.05556532	0.04199035	0.02889498	0.01964336	0.01052981	0.006113077	
92	0.4365182	0.1283512	0.1024379	0.08804133	0.0750801	0.05375957	0.04029732	0.0273339	0.01793516	0.008668784	
93	0.5676859	0.2992482	0.1106451	0.09303309	0.07889028	0.06584937	0.05244458	0.03994834	0.02717531	0.01767316	
94	0.5213045	0.4385387	0.2967283	0.1081752	0.09271512	0.07862886	0.06571167	0.05247183	0.04004976	0.02716169	
95	0.4318466	0.4188005	0.3840142	0.2752858	0.100396	0.08657478	0.07511559	0.06384765	0.05221284	0.03980804	
96	0.7396876	0.4245507	0.4122994	0.3826471	0.2777624	0.1013858	0.08752059	0.07594934	0.06457654	0.05282478	
97	0.8688954	0.7294752	0.4238359	0.4116012	0.3819263	0.2802652	0.1024619	0.08846276	0.0767428	0.06524399	
98	0.9206123	0.8388351	0.6984689	0.4212568	0.4090996	0.3790887	0.2835471	0.103678	0.0895873	0.07772463	
99	0.9288519	0.8615307	0.7928219	0.6850659	0.4223438	0.4105024	0.3813644	0.2870737	0.1050418	0.09080796	
100	0.9200597	0.849671	0.7942482	0.7239846	0.6709993	0.4215492	0.410283	0.3831048	0.2893751	0.1065594	
101	0.4911758	0.4804897	0.4541856	0.3936604	0.3322661	0.3090985	0.2119584	0.1991765	0.1739217	0.1247995	
102	0.313081	0.3013417	0.2910581	0.2683425	0.2161793	0.1636065	0.1597515	0.08262292	0.07815579	0.06567429	
103	0.1409524	0.1288345	0.1287271	0.1285219	0.1291962	0.108046	0.06190792	0.0614589	0.01712521	0.01555383	
104	0.5107965	0.1344081	0.1225366	0.1228349	0.1230331	0.1237687	0.1023442	0.05559301	0.055299	0.01308546	
105	0.4890704	0.3093486	0.05913019	0.0466326	0.0463807	0.04633566	0.04682398	0.0473134	0.04773996	0.04757168	
106	0.4508529	0.3331951	0.3024762	0.05722493	0.04458423	0.04432419	0.0442679	0.04474115	0.04522438	0.04566129	
107	0.8911256	0.4430819	0.3277656	0.2974345	0.05258295	0.03971724	0.03939211	0.03926806	0.03967776	0.04009451	
108	0.4547837	0.3503078	0.1113495	0.07185278	0.05596041	0.03594799	0.02287059	0.02234807	0.02200156	0.02223328	
109	0.1687005	0.1619274	0.07510962	0.05278811	0.0390783	0.03382919	0.0237078	0.0121888	0.01203099	0.01201433	
110	0.1314607	0.1085116	0.1038745	0.03714588	0.03079646	0.02475123	0.02209081	0.01680014	0.005161805	0.005144579	
111	0.5263645	0.1105807	0.09659579	0.09186718	0.02497461	0.01858033	0.0126741	0.009889373	0.00475151	0.004722918	
112	0.3137082	0.1622064	0.0398523	0.02697737	0.02499615	0.01728528	0.01357231	0.008854063	0.006813919	0.002611229	
113	0.8787164	0.297363	0.1484788	0.03805699	0.02503339	0.0230171	0.01520243	0.01250437	0.007794136	0.006603758	
114	0.4405031	0.3312282	0.1704947	0.1178459	0.0283355	0.01614542	0.01424356	0.01276617	0.01113138	0.006798645	
115	0.4547205	0.4074616	0.3027158	0.1473764	0.1094376	0.02611736	0.01380748	0.01200996	0.01055549	0.008956682	
116	0.3904341	0.3588168	0.3144222	0.2810928	0.1304428	0.0962313	0.02498146	0.01268754	0.01109984	0.009880182	
117	0.7560964	0.2253967	0.1959247	0.1529259	0.1313857	0.09070533	0.05999423	0.02417318	0.01195517	0.01039591	
118	0.7069507	0.7013262	0.1674339	0.1384665	0.1169501	0.09700675	0.07256351	0.05015242	0.02353382	0.0112077	
119	0.7380522	0.7060958	0.7010911	0.1604272	0.1324656	0.1125571	0.09305191	0.07033088	0.04850332	0.02359763	
120	0.1125175	0.02972257	0.0154652	0.01488002	0.01315731	0.01184496	0.01063036	0.00997349	0.005125741	0.004081785	
121	0.1858339	0.1091699	0.02562939	0.01136526	0.0108385	0.01054146	0.009421254	0.008456319	0.008208478	0.003598693	
122	0.03246043	0.03148326	0.001186159	0.0004842446	0.0004507619	0.0004542594	0.000407826	0.0003988013	0.000364923	0.00030369	
123	0.01144684	0.001417481	0.001189146	0.0001460717	0.000130292	0.0001263183	0.0001275149	0.0001107066	0.0001079502	9.79593e-05	
124	0.01925905	0.004074466	0.0002132895	0.0001634824	2.329866e-05	2.005696e-05	1.936076e-05	1.952384e-05	1.731658e-05	1.693222e-05	
125	0.03438575	0.01899647	0.004041949	0.000169643	0.0001279671	1.765967e-05	1.554895e-05	1.500415e-05	1.513314e-05	1.34109e-05	
126	0.04151216	0.02770092	0.0155834	0.003391419	2.871634e-05	9.208452e-06	1.998072e-06	1.809584e-06	1.75184e-06	1.766034e-06	
127	0.3202423	0.03531657	0.0277484	0.01551621	0.003429275	2.362551e-05	7.538964e-06	1.781514e-06	1.619764e-06	1.568666e-06	
128	0.8364021	0.1707029	0.03171464	0.02570535	0.01569227	0.003466915	2.271686e-05	6.837952e-06	1.447983e-06	1.338613e-06	
129	0.8441225	0.8327971	0.1579687	0.03188247	0.02597709	0.01588751	0.003515628	2.198736e-05	6.260907e-06	1.166674e-06	
130	0.861229	0.8386131	0.8286912	0.1452675	0.03050219	0.02494647	0.01530403	0.003395255	1.984943e-05	4.896953e-06	
131	0.1188338	0.1032411	0.1038039	0.1046104	0.1060336	0.0007977872	0.0001452284	5.523734e-05	1.120176e-05	7.961662e-07	
132	0.02173983	0.01094981	0.004460247	0.004338429	0.004114076	0.004154777	0.0006835696	7.148343e-05	1.721805e-05	3.220621e-06	
133	0.02454916	0.009778517	0.003626896	0.00142673	0.001376233	0.001288189	0.001293451	7.542562e-05	5.665862e-05	1.319854e-05	
134	0.02151915	0.0142933	0.003690021	0.0003014204	0.000109596	9.653807e-05	8.291236e-05	7.471501e-05	2.088473e-05	1.691966e-05	
135	0.1481852	0.02066923	0.0141294	0.003514487	0.0001739689	5.957435e-05	4.783931e-05	3.710278e-05	2.817829e-05	2.025975e-05	
136	0.2241663	0.1423837	0.01690503	0.01061254	0.002712356	0.0001562717	4.444633e-05	3.51556e-05	2.688072e-05	2.001116e-05	
137	0.2385071	0.2065051	0.1370972	0.01702937	0.01070259	0.002736093	0.0001563204	4.407326e-05	3.472782e-05	2.643622e-05	
138	0.2526531	0.2273182	0.1956051	0.1387771	0.01718967	0.01078584	0.002757627	0.0001565836	4.373893e-05	3.434491e-05	
139	0.9789404	0.2419486	0.2190382	0.1877331	0.1396543	0.01702072	0.01056102	0.002697166	0.0001551249	4.163806e-05	
140	0.3670098	0.363512	0.1818863	0.1654939	0.1381988	0.1045545	0.01211114	0.009661726	0.002576198	0.0001364148	
141	0.03008243	0.02726198	0.02661415	0.01639345	0.01583039	0.01547259	0.001705788	0.0004999899	0.0001598413	6.564391e-05	
142	0.01523094	0.009962179	0.009919478	0.009664058	0.007165263	0.00681035	0.006689978	0.001152767	0.0003675735	3.715365e-05	
143	0.6045154	0.009987785	0.007339044	0.007311947	0.007254888	0.005316087	0.004980838	0.004879095	0.001151813	0.0003679037	
144	0.16788	0.155781	0.006234047	0.00477622	0.004760477	0.004715603	0.003299629	0.002975862	0.00289582	0.0009356346	
145	0.5471014	0.1578424	0.1474629	0.005672162	0.004298901	0.004285098	0.004241521	0.00293444	0.002609123	0.002551715	
146	0.2781398	0.1928915	0.08233705	0.07255943	0.004780177	0.003653616	0.003645959	0.003606373	0.002556815	0.002278893	
147	0.4788392	0.2168441	0.1690842	0.07350984	0.06433404	0.00351593	0.002867506	0.002862041	0.002826344	0.002220879	
148	0.5303416	0.4661958	0.2009463	0.1529595	0.070227	0.06122319	0.00276324	0.002196158	0.00219295	0.002158005	
149	0.6812754	0.3432017	0.2841635	0.1400546	0.09820928	0.02395922	0.01495949	0.002362684	0.001865146	0.001862218	
150	0.7440496	0.6211633	0.2991224	0.2482329	0.1084484	0.09581871	0.02346373	0.01435856	0.002161804	0.00182675	
151	0.6434971	0.4648198	0.3574837	0.2924887	0.2483997	0.1069749	0.09479534	0.02327652	0.01404114	0.00211725	
152	0.6644991	0.61321	0.4458057	0.3466208	0.2908318	0.2469761	0.1041271	0.0920637	0.02288452	0.01353668	
153	0.4080421	0.3766746	0.3358672	0.2185435	0.1506266	0.1228192	0.1119263	0.0871586	0.08426581	0.02131657	
154	0.2162849	0.2146159	0.1901176	0.1749394	0.07633336	0.06624268	0.05775817	0.05567412	0.05487625	0.05450799	
155	0.1679386	0.09582978	0.09469111	0.07067851	0.06363092	0.05852584	0.04995179	0.04210336	0.0401594	0.0396506	
156	0.3866049	0.14316	0.07605764	0.07495736	0.0507622	0.04597145	0.04443273	0.03630849	0.02869921	0.02681297	
157	0.3430028	0.3415983	0.1127995	0.05850559	0.0576454	0.03319259	0.02965522	0.02875765	0.02128579	0.01389658	
158	0.3157719	0.3095938	0.3085816	0.09376005	0.04832425	0.04751698	0.02267664	0.01986784	0.019121	0.01227408	
159	0.3219987	0.2674059	0.2638401	0.2634605	0.07933261	0.04159824	0.04083826	0.01572273	0.01426567	0.01403659	
160	0.2863834	0.2733832	0.2421783	0.2389999	0.2387051	0.07120101	0.03740157	0.03665887	0.01122203	0.00989941	
161	0.9569163	0.2565913	0.2433851	0.2115892	0.2084128	0.20834	0.06588397	0.03605898	0.0353495	0.009485359	
162	0.8786314	0.8505002	0.2033335	0.1905951	0.1873662	0.1842415	0.1841784	0.0603032	0.03497877	0.03428554	
163	0.9278805	0.8769606	0.8487579	0.1879707	0.1750117	0.1718151	0.168687	0.1686311	0.05673474	0.034398	
164	0.9981409	0.925293	0.8755833	0.8471237	0.1720687	0.1588454	0.1555934	0.1524439	0.152395	0.05349119	
165	0.9499938	0.9484552	0.8741407	0.825679	0.8241113	0.134153	0.120653	0.1173425	0.1141765	0.1141345	
166	0.8569295	0.8563424	0.8558794	0.7800913	0.7706898	0.7696777	0.07842824	0.06897583	0.06612658	0.06549391	
167	0.9393704	0.8525803	0.8521541	0.8517322	0.7742794	0.7670293	0.7663619	0.05912788	0.04947205	0.04656666	
168	0.04558215	0.04271854	0.04048555	0.0404568	0.0403419	0.03969493	0.03651898	0.03618835	0.029439	0.02860846	
169	0.02027011	0.01606178	0.01448675	0.0136417	0.01363494	0.01353311	0.01299943	0.01241967	0.01240642	0.01233535	
170	0.9992859	0.01431945	0.0107236	0.00943254	0.008846519	0.008841046	0.008737387	0.008213797	0.008191071	0.008183332	
171	0.02016562	0.01998729	0.002771233	0.002365825	0.002200302	0.00207188	0.002069406	0.002068498	0.002062588	0.002061912	
172	0.001582205	0.0008079924	0.0007066653	0.0001057554	8.48883e-05	7.085254e-05	6.537715e-05	6.517865e-05	6.489573e-05	6.448192e-05	
173	0.0296266	0.000958708	0.0006085001	0.0005045759	6.319324e-05	4.812962e-05	3.708854e-05	3.342413e-05	3.34116e-05	3.316416e-05	
174	0.05360737	0.01161225	0.0006535579	0.000433121	0.0003872278	3.406092e-05	2.563549e-05	1.786695e-05	1.58322e-05	1.58242e-05	
175	0.005521832	0.002470989	0.0008327531	6.185994e-05	5.008376e-05	8.82104e-06	1.622166e-06	1.178415e-06	1.019753e-06	9.411166e-07	
176	0.1407518	0.002710171	0.001146529	0.0003212042	1.281191e-05	6.035613e-06	4.68472e-06	7.379039e-07	4.821343e-07	4.006996e-07	
177	0.848214	0.1270125	0.001917537	0.0007395181	0.0001227601	8.466999e-06	3.474998e-06	3.355154e-06	3.533936e-07	1.986486e-07	
178	0.8510389	0.8408455	0.1164514	0.00144985	0.0006607399	8.000174e-05	7.836571e-06	3.164224e-06	3.104261e-06	2.672482e-07	
179	0.1639303	0.1248321	0.1198952	0.03995202	0.0003554337	0.000115841	3.348228e-05	1.300469e-06	7.16767e-07	7.006758e-07	
180	0.132093	0.08180248	0.07147121	0.06933446	0.0272741	0.0001873067	4.710385e-05	1.972304e-05	7.173337e-07	3.976576e-07	
181	0.06329282	0.0613579	0.04643965	0.04121497	0.03983126	0.01664558	0.0001083745	2.795512e-05	1.226601e-05	4.48653e-07	
182	0.1829799	0.04696259	0.04520464	0.033893	0.02923315	0.02798817	0.0116775	7.657581e-05	2.000033e-05	8.638209e-06	
183	0.1990935	0.1518392	0.03165007	0.02997661	0.02203597	0.01788985	0.01676817	0.006983671	4.655911e-05	1.24841e-05	
184	0.1911145	0.1363009	0.1286217	0.01235397	0.01079644	0.006569403	0.003119459	0.0021643	0.0008655217	7.382392e-06	
185	0.9077101	0.1410565	0.1217806	0.115203	0.01075728	0.009270482	0.005331451	0.002129736	0.001207553	0.0004628976	
186	0.8881692	0.8650947	0.1388318	0.1209791	0.1148868	0.01022451	0.008716569	0.004884249	0.001798942	0.0009005998	
187	0.9956365	0.88429	0.8605201	0.1393544	0.1225354	0.1172906	0.009348844	0.008174792	0.004439823	0.001451406	
188	0.9850033	0.9835881	0.870811	0.8473482	0.1376916	0.1219187	0.1166372	0.008960457	0.007808407	0.004196455	
189	0.9738109	0.9593374	0.9580596	0.8520906	0.828072	0.1409836	0.1248636	0.1197479	0.008703599	0.00753864	
190	0.9954485	0.9687482	0.9537261	0.9524135	0.8441885	0.8192421	0.1437614	0.1272223	0.1231691	0.008460106	
191	0.9901689	0.9876289	0.9596348	0.9444631	0.9431822	0.8323628	0.8063192	0.1450059	0.1278627	0.1271453	
192	0.523907	0.5195997	0.5181361	0.5153466	0.4997686	0.4984224	0.4754813	0.4527844	0.1434103	0.1278763	
193	0.490082	0.4851952	0.483143	0.481939	0.4792538	0.4629642	0.4620502	0.4419659	0.4182248	0.1489208	
194	0.4269085	0.4248411	0.421526	0.4197132	0.4192022	0.4178895	0.4152036	0.4142397	0.3975842	0.3776327	
195	0.4681497	0.3900617	0.3879528	0.3844439	0.382537	0.3820231	0.380662	0.3779861	0.3769595	0.3627812	
196	0.9863629	0.4280201	0.3490808	0.3468612	0.3431232	0.3411006	0.3407174	0.3399649	0.3372979	0.3362022	
197	0.9265147	0.9237953	0.3276075	0.2520635	0.2508967	0.2470529	0.245217	0.2449554	0.2445771	0.2421187	
198	0.8000344	0.7903754	0.7881586	0.2839351	0.2091304	0.207948	0.2040163	0.2021723	0.201928	0.2016132	
199	0.7248131	0.7235757	0.7178157	0.7166688	0.2526677	0.1788161	0.1775797	0.1774567	0.1771402	0.1770644	
200	0.89357	0.7148175	0.7135636	0.7110608	0.709934	0.2677679	0.1869844	0.1858576	0.1857234	0.1853784	
201	0.9893421	0.9323447	0.7446563	0.7433212	0.7428383	0.7416043	0.2911766	0.202089	0.200841	0.2006928	
202	0.9880346	0.9871401	0.984216	0.7857141	0.7842676	0.783731	0.7823634	0.3242837	0.2244533	0.2230523	
203	0.7365126	0.7230477	0.7222931	0.7208234	0.5912774	0.5901679	0.5895607	0.5894253	0.1748815	0.0737362	
204	0.6920338	0.6903166	0.6754412	0.6746695	0.6731319	0.5235263	0.5226216	0.5219254	0.5217896	0.1946553	
205	0.4606853	0.453887	0.4524117	0.4346206	0.4337574	0.4321004	0.4125699	0.4114886	0.4106634	0.4105157	
206	0.3287632	0.3254607	0.3189643	0.3175909	0.2953964	0.2944229	0.2924221	0.2681616	0.2678941	0.2668802	
207	0.1100767	0.1053427	0.1040775	0.1023438	0.1016759	0.08734463	0.08683893	0.08551629	0.07923016	0.07909108	
208	0.1339107	0.03566264	0.03416793	0.0337871	0.0332137	0.03300055	0.02780091	0.02766015	0.02721096	0.02506222	
209	0.8236233	0.1581993	0.04314445	0.04137935	0.0409238	0.04022019	0.03996668	0.03332146	0.03317645	0.03261646	
