#unpaired probabilities
 #i$	l=1	2	3	4	5	6	7	8	9	10	
1	0.9956286	NA	NA	NA	NA	NA	NA	NA	NA	NA	
2	0.8361408	0.8325713	NA	NA	NA	NA	NA	NA	NA	NA	
3	0.8957991	0.8316435	0.8281563	NA	NA	NA	NA	NA	NA	NA	
4	0.973744	0.881331	0.8180586	0.8146925	NA	NA	NA	NA	NA	NA	
5	0.9480545	0.9208191	0.8459367	0.7846593	0.7809596	NA	NA	NA	NA	NA	
6	0.9847607	0.945022	0.9177477	0.8427989	0.7819498	0.7782378	NA	NA	NA	NA	
7	0.2761148	0.286664	0.3142499	0.3534127	0.4402202	0.3885956	0.3805868	NA	NA	NA	
8	0.3085058	0.2325982	0.2467825	0.2712674	0.3060502	0.3851818	0.3763161	0.3682859	NA	NA	
9	0.256198	0.1976757	0.142592	0.1475212	0.1599545	0.1790242	0.2248814	0.221515	0.2222596	NA	
10	0.8376059	0.2172234	0.1723931	0.1308488	0.1364622	0.1537038	0.1719179	0.2160009	0.2126773	0.2136117	
11	0.4045229	0.3125253	0.181811	0.1444833	0.1092366	0.1188023	0.1339415	0.1497046	0.1880397	0.1853065	
12	0.6419427	0.3995793	0.3079426	0.1805154	0.1435516	0.1086372	0.1181699	0.1332921	0.1489812	0.187138	
13	0.4084164	0.3368796	0.2253754	0.1981859	0.09624228	0.07193258	0.04868784	0.05152008	0.05758016	0.05934351	
14	0.4875881	0.3994383	0.3324803	0.2223726	0.1958602	0.09475651	0.07070407	0.04769589	0.05043944	0.05635553	
15	0.2760423	0.23386	0.1754832	0.1429344	0.1053906	0.08467786	0.0583008	0.04205882	0.02634108	0.02764309	
16	0.7244036	0.2631972	0.22146	0.1627136	0.1394084	0.103459	0.08323311	0.0576682	0.04155141	0.02594862	
17	0.8141799	0.7052604	0.2580236	0.2164712	0.1577078	0.1358694	0.1023904	0.08248188	0.05727465	0.0412394	
18	0.8286751	0.7927981	0.6830473	0.2560527	0.2146283	0.1559113	0.1344613	0.1015013	0.0821344	0.05711147	
19	0.8768006	0.8174313	0.7816906	0.6720741	0.2537466	0.2125354	0.1542734	0.1331782	0.1006768	0.08152145	
20	0.983595	0.872983	0.8136746	0.7779091	0.6684874	0.2524391	0.2114133	0.1534526	0.1324416	0.1001875	
21	0.7897977	0.7799649	0.6707654	0.6155531	0.5832496	0.5377038	0.1983045	0.1644356	0.1217797	0.1048098	
22	0.7737665	0.7559549	0.7468946	0.6434692	0.5914533	0.5603574	0.5184492	0.1893627	0.1564894	0.1153953	
23	0.5547901	0.344113	0.3415836	0.340442	0.2446595	0.2079475	0.1903984	0.1798577	0.09567031	0.07708027	
24	0.2598727	0.2344287	0.1890941	0.1853589	0.1823448	0.1652792	0.1328211	0.1191917	0.1139147	0.06661603	
25	0.2231421	0.1859043	0.1608016	0.1368459	0.1322751	0.1287171	0.1115323	0.1012199	0.08752394	0.08268782	
26	0.07925649	0.06748245	0.05718172	0.05096367	0.04681446	0.04446263	0.04249409	0.03973542	0.03717663	0.03524596	
27	0.7565699	0.07686651	0.0659141	0.05580462	0.04970486	0.04575772	0.04345245	0.04148474	0.03880702	0.0362906	
28	0.1553124	0.1315585	0.05355985	0.04789235	0.04042105	0.0362709	0.03372464	0.03242629	0.03136487	0.02958559	
29	0.9459719	0.1507013	0.1273715	0.05025348	0.04456047	0.04005677	0.0359421	0.03341752	0.03214689	0.03113157	
30	0.0178306	0.01803081	0.002241394	0.001863155	0.0007482934	0.000661943	0.0005841141	0.0005226794	0.0004356075	0.0004067614	
31	0.01818362	0.00240438	0.002309004	0.00087419	0.000684866	0.0003492062	0.000304267	0.0002638618	0.0002317003	0.0002155272	
32	0.4905038	0.01808965	0.002372602	0.002276518	0.000869165	0.0006806405	0.0003464109	0.0003035652	0.0002632797	0.0002311789	
33	0.4470367	0.02609116	0.003953225	0.000528474	0.0005072357	0.0001939789	0.0001508958	8.573585e-05	7.62669e-05	6.744138e-05	
34	0.055396	0.05051704	0.003193385	0.0005360226	7.766591e-05	7.518253e-05	2.948537e-05	2.271256e-05	1.344379e-05	1.199787e-05	
35	0.01028353	0.003690202	0.001809235	0.0005257033	0.0001107207	1.843919e-05	1.810896e-05	7.574266e-06	5.762142e-06	3.834458e-06	
36	0.006261224	0.001586444	0.0002817097	0.0001357186	5.633903e-05	1.579094e-05	4.284216e-06	4.306445e-06	2.720552e-06	1.931264e-06	
37	0.03198543	0.005670788	0.001207972	0.0002496966	0.0001128147	5.279523e-05	1.509202e-05	4.057346e-06	4.100892e-06	2.652471e-06	
38	0.0424236	0.0215284	0.003856608	0.000831193	0.0001766482	8.155029e-05	3.624916e-05	1.000975e-05	3.918295e-06	3.960562e-06	
39	0.9779705	0.03792316	0.01890995	0.003378453	0.00072464	0.0001546156	7.100586e-05	3.121928e-05	9.159172e-06	3.64426e-06	
40	0.9739491	0.9741076	0.03612337	0.01823566	0.003254144	0.0006924765	0.0001441833	6.753737e-05	2.929223e-05	8.636939e-06	
41	0.954489	0.9492966	0.9565188	0.0245689	0.011391	0.002010206	0.0004143456	7.520909e-05	3.012378e-05	1.41081e-05	
42	0.9378502	0.9393558	0.9397961	0.9497393	0.02007357	0.00869451	0.001519515	0.0003105281	5.26083e-05	1.980217e-05	
43	0.900258	0.9043663	0.913945	0.9214057	0.936946	0.01368352	0.007900067	0.001366938	0.0002676443	3.564173e-05	
44	0.9035684	0.8977162	0.9024637	0.9124695	0.9202675	0.9361012	0.01314822	0.007616287	0.001344314	0.0002642627	
45	0.125581	0.07628689	0.05724952	0.04466059	0.03532961	0.02424168	0.0179396	0.01171237	0.006723869	0.001185261	
46	0.1539618	0.06787586	0.05207497	0.03955056	0.03132148	0.0245815	0.01528576	0.01078787	0.006512213	0.004006144	
47	0.09584455	0.07665821	0.04648254	0.03608866	0.0267153	0.02050898	0.01519112	0.01135318	0.007836028	0.004547301	
48	0.1771122	0.09469927	0.07588778	0.04616833	0.03585381	0.02653737	0.02037889	0.01509956	0.01129118	0.007792787	
49	0.254358	0.1696448	0.09007784	0.07355798	0.04480468	0.03529827	0.02615271	0.02010706	0.014886	0.01115332	
50	0.2950055	0.1885533	0.1372929	0.07511246	0.06232735	0.04154582	0.03285046	0.02471202	0.01906205	0.01416387	
51	0.437516	0.2826984	0.1849077	0.1349388	0.07469805	0.06200076	0.04143659	0.03276574	0.02464831	0.01901417	
52	0.4071277	0.3564444	0.2292962	0.1474421	0.1154065	0.06372074	0.05529592	0.03906522	0.03090757	0.02322747	
53	0.91813	0.4039122	0.3544464	0.227513	0.1461066	0.1143653	0.06344805	0.05508983	0.03893546	0.0308423	
54	0.1762575	0.1703537	0.0915305	0.07567298	0.05453768	0.03577425	0.02711312	0.01447979	0.01239108	0.008814292	
55	0.2112189	0.1408227	0.1360826	0.08545332	0.07005544	0.05068033	0.03280107	0.02455662	0.01246531	0.0106215	
56	0.6053284	0.1988499	0.1331562	0.1291138	0.08267068	0.06758439	0.04863398	0.03094091	0.02298223	0.01154164	
57	0.6669365	0.58916	0.1891811	0.1257145	0.1218447	0.07672525	0.0616622	0.04770814	0.03011239	0.02242179	
58	0.6050493	0.5426726	0.5217744	0.133351	0.09619192	0.09285607	0.06138579	0.05086716	0.03756389	0.02892962	
59	0.8116882	0.5956868	0.5354545	0.5164007	0.128771	0.09402397	0.09088018	0.06052467	0.05024006	0.03711467	
60	0.910741	0.8020915	0.5925854	0.5325945	0.5138574	0.1263286	0.09310884	0.08999189	0.05985618	0.04958321	
61	0.989016	0.9026577	0.7947615	0.5866354	0.5267754	0.5080874	0.1205297	0.09267084	0.089562	0.05953642	
62	0.9241462	0.9135947	0.8384179	0.7453787	0.561328	0.5132271	0.4973411	0.1116675	0.08705326	0.0841426	
63	0.8836619	0.8744736	0.8711686	0.808546	0.7260961	0.5558986	0.5095966	0.4944656	0.1089595	0.08526904	
64	0.4819712	0.4442652	0.43604	0.4328359	0.3736727	0.3298561	0.1786001	0.1337684	0.1133594	0.09872637	
65	0.5198125	0.4524171	0.4158204	0.4078695	0.4047461	0.3471585	0.305994	0.1617842	0.1237422	0.1036464	
66	0.888505	0.4823272	0.4349885	0.4000312	0.3925142	0.3894658	0.3327969	0.292622	0.1509568	0.1134551	
67	0.5010468	0.492138	0.2946797	0.2692405	0.2442713	0.237959	0.2340804	0.1838555	0.1619447	0.09817059	
68	0.4631316	0.4518688	0.4447685	0.2681596	0.2453878	0.2359548	0.2297766	0.2258948	0.1801544	0.1591698	
69	0.389977	0.3688688	0.3581635	0.3517103	0.2310768	0.2111071	0.2027048	0.1992048	0.196431	0.1683012	
70	0.8934811	0.3868236	0.3662001	0.3554817	0.3489962	0.2289362	0.2090326	0.2022118	0.1987099	0.1959319	
71	0.9581419	0.8837061	0.3833891	0.3636874	0.352963	0.3464621	0.2278201	0.2079697	0.201621	0.1981233	
72	0.972991	0.9412095	0.8678596	0.3824238	0.3629899	0.3522921	0.3458226	0.2274428	0.2076651	0.2013357	
73	0.9203092	0.9105418	0.8806854	0.8074301	0.3772275	0.3585687	0.3479385	0.3415266	0.225621	0.2060978	
74	0.9117689	0.9004163	0.8913892	0.8617077	0.7891603	0.3736209	0.3551521	0.3448803	0.3384702	0.2235901	
75	0.852243	0.768417	0.7565364	0.7467683	0.720645	0.6525368	0.3393364	0.3225248	0.3136723	0.3070456	
76	0.608526	0.4714953	0.446489	0.4384148	0.4325962	0.4147107	0.3997477	0.1667344	0.1574373	0.1527384	
77	0.2344263	0.2272586	0.2219104	0.2120542	0.2067807	0.2006111	0.1905953	0.1826185	0.07910989	0.07277736	
78	0.1645187	0.1548823	0.1527175	0.1532465	0.1484792	0.1441632	0.1386118	0.1317918	0.1262657	0.04506676	
79	0.2447538	0.1454641	0.1365478	0.1342005	0.1345226	0.1297019	0.1251603	0.1193687	0.1123711	0.1066374	
80	0.2076081	0.1825164	0.1117529	0.10567	0.1042185	0.1046664	0.09992744	0.09695021	0.09329907	0.09073529	
81	0.1737984	0.1424664	0.131127	0.08437207	0.08057796	0.08002414	0.08067027	0.0763952	0.07528874	0.07498186	
82	0.5195813	0.1563235	0.1263896	0.1155991	0.08026482	0.07681309	0.07632381	0.07697558	0.07286225	0.07195463	
83	0.6766572	0.2459888	0.06705284	0.05095653	0.04126177	0.03599228	0.03422484	0.03355969	0.03371336	0.03098819	
84	0.6219601	0.5409996	0.2193654	0.04858163	0.03592285	0.02760062	0.02374348	0.02303974	0.0228599	0.02307124	
85	0.5146216	0.5189224	0.4438113	0.1833569	0.02299575	0.01895533	0.01579308	0.01407466	0.01346075	0.01347733	
86	0.5901992	0.5103402	0.5151142	0.4401487	0.1785768	0.01703134	0.01349386	0.01083142	0.009528202	0.009595906	
87	0.2561621	0.1994104	0.171048	0.1717571	0.1733122	0.1737207	0.01166162	0.008388722	0.006862788	0.005927028	
88	0.9367674	0.2350349	0.1910558	0.1687872	0.1696465	0.1712692	0.1719032	0.008251431	0.005329725	0.004080744	
89	0.3661135	0.3298959	0.07466344	0.02979476	0.01100017	0.009719912	0.009139721	0.007695283	0.005991138	0.003323427	
90	0.35228	0.3382324	0.3142388	0.06611087	0.02263691	0.006305389	0.005037451	0.004428413	0.00312259	0.002096593	
91	0.1045286	0.08304995	0.06961078	0.0572809	0.02811115	0.01446634	0.003406753	0.002215009	0.001627447	0.0009926431	
92	0.14168	0.09377435	0.07365819	0.06033591	0.048155	0.02679844	0.01401694	0.003199718	0.002000157	0.001406934	
93	0.2795345	0.1239764	0.08006804	0.06598716	0.05292634	0.04064259	0.0258713	0.01394405	0.003155575	0.00194526	
94	0.623338	0.180107	0.1177448	0.07618784	0.06333946	0.05054601	0.03851476	0.02529905	0.01373316	0.003110123	
95	0.4301032	0.3819714	0.1591217	0.1099676	0.07130715	0.05916009	0.04743336	0.03597051	0.02433667	0.01326892	
96	0.7127885	0.4129967	0.3760681	0.159373	0.1108191	0.07199835	0.05976752	0.04792081	0.03631674	0.0246466	
97	0.7547501	0.6700993	0.4082755	0.371655	0.1590064	0.1115838	0.072935	0.06055123	0.04855011	0.03678934	
98	0.8931438	0.7148156	0.6302086	0.3991057	0.3644228	0.1567885	0.1104026	0.07389508	0.06136284	0.04920411	
99	0.8877416	0.8029625	0.6809409	0.5985946	0.3874644	0.3549537	0.152592	0.1097316	0.0748878	0.06219968	
100	0.9320336	0.8662968	0.7819354	0.6649652	0.5828383	0.3797639	0.3490589	0.1507475	0.1105723	0.07578314	
101	0.5855259	0.5758031	0.5316117	0.4427161	0.3273832	0.3090192	0.2301675	0.1972616	0.1208027	0.09121972	
102	0.5611913	0.5534871	0.5453578	0.5018879	0.4124656	0.2967376	0.2819648	0.2129049	0.1808969	0.1128373	
103	0.2667505	0.1932852	0.1947845	0.1954017	0.1942804	0.174238	0.07366787	0.07077678	0.04490916	0.02230107	
104	0.6067883	0.2641284	0.1901747	0.1919092	0.1926717	0.1916837	0.1714931	0.06975939	0.06754257	0.04285219	
105	0.2774808	0.2440395	0.1370891	0.06097634	0.06127254	0.06184548	0.06244692	0.06313968	0.06353756	0.062099	
106	0.3825896	0.2360611	0.2161254	0.1357315	0.05867554	0.05900332	0.05957524	0.06016293	0.06083901	0.06129573	
107	0.506053	0.3694425	0.2288101	0.2087644	0.1366307	0.05853566	0.05887641	0.05946105	0.06005792	0.06074412	
108	0.8325554	0.3706777	0.3025927	0.2033957	0.1846121	0.1290994	0.04982309	0.05005172	0.05051945	0.05100141	
109	0.8678177	0.8200502	0.3603472	0.2928158	0.1971543	0.1781162	0.1299991	0.04965377	0.04989049	0.05036707	
110	0.7963903	0.7093707	0.6865539	0.298788	0.2411269	0.1671911	0.1478797	0.1083051	0.02679389	0.02671413	
111	0.6685703	0.6214443	0.5845965	0.5687065	0.203744	0.1476098	0.07860902	0.05864325	0.02538279	0.02529262	
112	0.2249922	0.2161625	0.2004297	0.1752398	0.17071	0.1380296	0.1117638	0.06032192	0.04474266	0.01694192	
113	0.6457707	0.1955644	0.1863938	0.1764467	0.1522451	0.1476529	0.114686	0.1005593	0.0523495	0.04215405	
114	0.5106094	0.2637211	0.1364516	0.1282035	0.1191819	0.1011247	0.09689391	0.09342852	0.0909217	0.04684566	
115	0.5605783	0.4420617	0.2180204	0.1024254	0.09377923	0.08457405	0.06751325	0.06313177	0.05982295	0.05730255	
116	0.3953266	0.3467828	0.2504009	0.19016	0.08462018	0.07588668	0.07321397	0.05861984	0.0545114	0.05243157	
117	0.6793327	0.2578743	0.2190805	0.1304529	0.1027147	0.07306618	0.06472756	0.06312287	0.05191701	0.0483128	
118	0.5519298	0.5441069	0.1742454	0.1403219	0.1038226	0.08098925	0.06323054	0.05488803	0.05338471	0.04463289	
119	0.5351149	0.5175528	0.5153523	0.1457596	0.1170273	0.08745307	0.07240303	0.0554624	0.0472613	0.04608773	
120	0.1079269	0.04512414	0.03753407	0.03711202	0.0357911	0.02694628	0.01984556	0.01524248	0.01164864	0.01166379	
121	0.2495582	0.1001219	0.03723689	0.03000211	0.02958785	0.02909059	0.02028078	0.01386533	0.01074302	0.00736747	
122	0.04874834	0.03571494	0.0118494	0.004754654	0.004449239	0.004413837	0.004313066	0.004139172	0.003532583	0.002305961	
123	0.03382551	0.01266796	0.006381751	0.0006175181	0.0004732545	0.0004532292	0.0004438057	0.0004299289	0.0004143739	0.0003676378	
124	0.6164102	0.02548343	0.01187268	0.0055401	0.0003821008	0.000262585	0.0002482373	0.0002375257	0.0002248702	0.0002122769	
125	0.1764304	0.1422307	0.02449532	0.01185986	0.005500594	0.0003403746	0.0002358725	0.0002222446	0.0002112981	0.0001989975	
126	0.04499401	0.03405763	0.02805714	0.004172673	0.001537366	0.0007431517	7.060516e-05	3.368893e-05	3.121583e-05	2.861093e-05	
127	0.4172868	0.0428119	0.0321073	0.02747681	0.0041277	0.001507652	0.0007287862	6.993012e-05	3.281798e-05	3.037517e-05	
128	0.6791001	0.2471966	0.02454894	0.01388769	0.0092606	0.003243075	0.001493691	0.0007130755	6.97413e-05	3.23205e-05	
129	0.7132027	0.666538	0.2288579	0.02427702	0.01374378	0.009216115	0.003280665	0.001510211	0.0007217087	6.98961e-05	
130	0.7849777	0.7060111	0.6597659	0.2162326	0.02375174	0.01327465	0.00883897	0.002929591	0.001506501	0.000720095	
131	0.2756698	0.2075156	0.2004574	0.1900691	0.185504	0.01486031	0.004927944	0.004367237	0.0004014169	0.0001905551	
132	0.270984	0.2013606	0.132746	0.1253704	0.1147501	0.1091188	0.01479264	0.004897058	0.004382292	0.0003887672	
133	0.3933344	0.2635579	0.1938163	0.1249009	0.1174522	0.1071542	0.1013969	0.01449635	0.004923996	0.004435315	
134	0.90433	0.3152996	0.2071061	0.1482544	0.09033326	0.08299301	0.07300059	0.06712192	0.01108936	0.004782356	
135	0.3851686	0.3824945	0.2774636	0.1823834	0.1336236	0.07720656	0.06981713	0.06006507	0.05394418	0.007493557	
136	0.2969047	0.288196	0.2874481	0.1971326	0.161442	0.1239203	0.06877018	0.0628328	0.05431319	0.04909346	
137	0.3958476	0.2734929	0.2657743	0.2650712	0.1861162	0.1586761	0.1209504	0.06561783	0.05963849	0.05123363	
138	0.3970817	0.3545959	0.2405343	0.2341647	0.2338058	0.1627775	0.1390642	0.1143604	0.06152285	0.05651707	
139	0.7800441	0.2958631	0.2871032	0.1729228	0.1687609	0.1685165	0.1453605	0.1309738	0.1072204	0.05431715	
140	0.3082379	0.2974563	0.2255759	0.2218724	0.1083269	0.1054875	0.1054184	0.09650964	0.09096067	0.07804281	
141	0.05213426	0.04551049	0.04445121	0.03275697	0.03154382	0.03102271	0.02960653	0.02957816	0.02577776	0.02446767	
142	0.02205824	0.01118036	0.01114009	0.0106427	0.009738021	0.009539637	0.009371595	0.008921259	0.00890959	0.006897235	
143	0.5576916	0.01276634	0.007821363	0.007790909	0.007312772	0.006526086	0.006345862	0.006220728	0.005966001	0.005959522	
144	0.3200834	0.1961143	0.01061594	0.007014986	0.006988392	0.00650946	0.005762276	0.005586013	0.005479385	0.005265607	
145	0.4051241	0.2706381	0.1639852	0.009949053	0.006409338	0.006384096	0.005905156	0.005204844	0.005030113	0.004931752	
146	0.5557426	0.3764129	0.2558907	0.1587994	0.009350069	0.005883679	0.005864692	0.005383331	0.004694357	0.004521282	
147	0.5399078	0.4068821	0.3577225	0.2406567	0.1542035	0.007280946	0.005235317	0.005218854	0.004734342	0.004088627	
148	0.6717429	0.5306025	0.3963783	0.3477458	0.2318204	0.1535694	0.006748069	0.004731328	0.004716155	0.004227899	
149	0.3158966	0.3033985	0.2947716	0.2701675	0.2362891	0.1213572	0.05023378	0.005604084	0.004251461	0.00423739	
150	0.6125883	0.3084044	0.2975533	0.2909266	0.2678816	0.2348063	0.118673	0.0476484	0.005209566	0.004231002	
151	0.7200226	0.5824073	0.287803	0.2787663	0.2721718	0.2515173	0.2181702	0.1120607	0.04099744	0.005189393	
152	0.8414566	0.7114888	0.5727451	0.28762	0.2793189	0.2727577	0.2520682	0.2187847	0.112314	0.0408007	
153	0.8669724	0.7352638	0.6139166	0.4799278	0.2039847	0.1964129	0.1931132	0.1768398	0.1626421	0.09619761	
154	0.8012409	0.7925197	0.6594493	0.5473975	0.42558	0.165775	0.1594113	0.1566718	0.1413434	0.134855	
155	0.8121078	0.7884219	0.7821715	0.6470091	0.5378242	0.4171293	0.1539792	0.1476829	0.1449602	0.1306178	
156	0.8773592	0.7988443	0.776726	0.7705996	0.634174	0.5259795	0.4079532	0.1410422	0.1346962	0.1319642	
157	0.8904255	0.7739957	0.7342385	0.7147596	0.7108203	0.5719928	0.4700137	0.388427	0.1290129	0.1228555	
158	0.8518249	0.8099289	0.6975519	0.6630514	0.6526801	0.6495981	0.5083081	0.4160308	0.367191	0.1196046	
159	0.6753868	0.629927	0.6180564	0.6139596	0.5902211	0.5817919	0.579088	0.435198	0.3548441	0.3171766	
160	0.7202373	0.6206231	0.5820366	0.5722471	0.5685779	0.5463851	0.5381988	0.5355403	0.3889043	0.3179585	
161	0.8159919	0.7059852	0.604562	0.5655795	0.5562239	0.5542576	0.5348525	0.5270747	0.5247705	0.3754186	
162	0.7911061	0.7375067	0.6607031	0.5608376	0.5242612	0.5158757	0.5140101	0.4977802	0.4908762	0.4886105	
163	0.7624741	0.730291	0.7211775	0.6440062	0.542629	0.506827	0.4990245	0.4972241	0.4827148	0.4762077	
164	0.8249141	0.7215992	0.7099086	0.7036109	0.6251598	0.5217684	0.4857266	0.4784069	0.4766887	0.4641252	
165	0.9657154	0.8062908	0.7016111	0.6900609	0.6845992	0.604729	0.4991063	0.4627682	0.455846	0.4541999	
166	0.8040955	0.7940931	0.6310683	0.5239988	0.5125028	0.5089272	0.4273905	0.3193955	0.2827241	0.2761799	
167	0.759717	0.7327066	0.7244321	0.5576583	0.4481374	0.4369543	0.433819	0.3508246	0.2404144	0.2030011	
168	0.1723454	0.1719304	0.1552003	0.1508158	0.1078586	0.1010112	0.09474339	0.09198726	0.08964083	0.08907155	
169	0.1136381	0.09351659	0.09331496	0.07698511	0.07372216	0.0727316	0.06812074	0.06270594	0.06006375	0.05946979	
170	0.8783978	0.09355645	0.08766138	0.08747058	0.07073705	0.06739378	0.06637931	0.06165447	0.05619831	0.05349694	
171	0.4171232	0.3142207	0.073135	0.06853563	0.06835582	0.05119192	0.04872837	0.04849001	0.04826173	0.04824705	
172	0.9199544	0.3539974	0.3014482	0.06761343	0.06467017	0.06449312	0.04686732	0.04433747	0.04409282	0.0438594	
173	0.3728317	0.3688401	0.234037	0.1824324	0.04189296	0.03959116	0.03945222	0.03943826	0.03684236	0.03659267	
174	0.1064371	0.1023321	0.09990574	0.07218528	0.01971585	0.003827504	0.003335444	0.00333192	0.003328893	0.003308216	
175	0.04661925	0.01368081	0.0131252	0.01097002	0.004920321	0.004887646	0.00129274	0.00107844	0.001076953	0.00107471	
176	0.6214217	0.04005632	0.01205776	0.0116075	0.009399059	0.003801164	0.00377496	0.0008284652	0.0007622822	0.0007609595	
177	0.6384797	0.5365732	0.03344884	0.01032133	0.009983845	0.007709711	0.002708098	0.002682689	0.000494565	0.0004537953	
178	0.1171662	0.04805788	0.03647352	0.00703254	0.001402224	0.001186251	0.00116093	0.0007291356	0.000714843	0.000167997	
179	0.09365185	0.04985668	0.01999218	0.01440248	0.005022123	0.0006614461	0.000525164	0.0005042689	0.0003166707	0.0003067618	
180	0.04759731	0.02111129	0.01346157	0.004948297	0.003270074	0.000601045	0.0001577597	0.0001258766	0.0001154151	6.888583e-05	
181	0.1942027	0.02617122	0.01785763	0.01135976	0.003983851	0.002611683	0.0003976955	0.0001024271	8.609965e-05	7.624101e-05	
182	0.2697433	0.1077849	0.01891743	0.013285	0.00902133	0.002780543	0.001653167	0.0002908334	8.471079e-05	7.275263e-05	
183	0.8334864	0.2325598	0.09078574	0.01821508	0.01255273	0.008565506	0.002513283	0.001443065	0.0002489665	7.279546e-05	
184	0.4599297	0.4064917	0.2192568	0.08648125	0.0177717	0.01210309	0.008368686	0.002320365	0.001368613	0.0002221154	
185	0.2214675	0.2145169	0.1839521	0.1014443	0.03595159	0.00815107	0.005945884	0.003518053	0.001204283	0.0005640707	
186	0.07446907	0.06832374	0.06730197	0.0565189	0.04690031	0.01479533	0.003344987	0.003163585	0.001598468	0.0005090228	
187	0.5006972	0.05727687	0.05188796	0.05093422	0.04116598	0.03337658	0.0108631	0.002910028	0.002755264	0.001364392	
188	0.8408389	0.4622823	0.05209934	0.04722858	0.04630784	0.03805893	0.03044718	0.009418277	0.002569229	0.002432633	
189	0.9086283	0.7628442	0.3694053	0.04932498	0.04485162	0.04394531	0.03655388	0.02892708	0.00861467	0.00238974	
190	0.8724076	0.8648007	0.7407565	0.3338034	0.02878887	0.02458116	0.02368189	0.0172601	0.009617449	0.00638631	
191	0.9431258	0.8421736	0.8388598	0.7332422	0.3138115	0.02578446	0.0219064	0.02101994	0.01565678	0.00800631	
192	0.7441908	0.7251583	0.6205285	0.6179264	0.5486857	0.1084518	0.02033418	0.01821924	0.01744472	0.01411974	
193	0.2637554	0.2614982	0.2461793	0.1375327	0.1353287	0.08718669	0.06426666	0.01342683	0.01181083	0.01136798	
194	0.2584811	0.2289273	0.2282906	0.2122257	0.09805551	0.09577898	0.06355674	0.04212408	0.01005154	0.008735357	
195	0.6107254	0.2315535	0.2153852	0.2149847	0.1979678	0.07729602	0.07489624	0.0413549	0.02126961	0.008129865	
196	0.9486837	0.5759788	0.2206085	0.2058551	0.205481	0.187364	0.05743769	0.05489717	0.03472604	0.01758804	
197	0.688958	0.6803507	0.4263189	0.2074655	0.1937686	0.1934133	0.1740897	0.03337552	0.03068341	0.03029234	
198	0.4000907	0.3696131	0.3630968	0.2294887	0.03826145	0.02368083	0.02334995	0.0233157	0.02328091	0.02249916	
199	0.4349329	0.3071356	0.3043723	0.2984315	0.2216861	0.03821101	0.02233143	0.02225897	0.02223385	0.02220053	
200	0.653606	0.3889417	0.2599702	0.2571179	0.2510463	0.2208814	0.03988555	0.02253605	0.02245776	0.02243946	
201	0.7164227	0.7079999	0.4169235	0.276395	0.2733842	0.2730956	0.245687	0.04447797	0.02508057	0.02499288	
202	0.487468	0.2773747	0.2753087	0.2686203	0.2322714	0.2289502	0.2286674	0.2046961	0.01268708	0.01141649	
203	0.3988466	0.3957694	0.2121829	0.2104452	0.2054408	0.1871484	0.1863388	0.1860522	0.1658096	0.01023321	
204	0.2930728	0.2457894	0.2439936	0.1341557	0.1331237	0.1298532	0.1178497	0.117285	0.1172131	0.1052294	
205	0.4192459	0.1669969	0.1643705	0.1631945	0.08373204	0.0830251	0.08086204	0.07287469	0.0727694	0.07271941	
206	0.06851753	0.05999539	0.04051633	0.0403044	0.03993642	0.008665681	0.008432668	0.007610495	0.00454224	0.004503079	
207	0.6041494	0.05566304	0.04868368	0.03329129	0.03311821	0.03281511	0.007040234	0.006849146	0.006174755	0.003698843	
208	0.3656246	0.323239	0.02979605	0.02605957	0.01782585	0.01773326	0.01757092	0.003763279	0.003660931	0.003299741	
